0 0 0 
1 0.00176439 0 
2 0.00253599 0 
3 0.00336917 0 
4 0.00445262 0 
5 0.0056678 0 
6 0.00690074 0 
7 0.00800007 0 
8 0.00885666 0 
9 0.00944073 0 
10 0.00979645 0 
11 0.010001 0 
12 0.0101248 0 
13 0.0102131 0 
14 0.0102887 0 
15 0.0103607 0 
16 0.0104321 0 
17 0.0105036 0 
18 0.0105754 0 
19 0.0106477 0 
20 0.0107204 0 
21 0.0107935 0 
22 0.010867 0 
23 0.010941 0 
24 0.0110154 0 
25 0.0110902 0 
26 0.0111655 0 
27 0.0112412 0 
28 0.0113174 0 
29 0.011394 0 
30 0.011471 0 
31 0.0115486 0 
32 0.0116266 0 
33 0.011705 0 
34 0.0117839 0 
35 0.0118633 0 
36 0.0119432 0 
37 0.0120236 0 
38 0.0121045 0 
39 0.0121858 0 
40 0.0122677 0 
41 0.01235 0 
42 0.0124329 0 
43 0.0125163 0 
44 0.0126002 0 
45 0.0126846 0 
46 0.0127695 0 
47 0.012855 0 
48 0.012941 0 
49 0.0130276 0 
50 0.0131147 0 
51 0.0132023 0 
52 0.0132905 0 
53 0.0133793 0 
54 0.0134686 0 
55 0.0135585 0 
56 0.013649 0 
57 0.0137401 0 
58 0.0138318 0 
59 0.013924 0 
60 0.0140169 0 
61 0.0141104 0 
62 0.0142045 0 
63 0.0142992 0 
64 0.0143945 0 
65 0.0144905 0 
66 0.0145871 0 
67 0.0146843 0 
68 0.0147822 0 
69 0.0148808 0 
70 0.01498 0 
71 0.0150799 0 
72 0.0151805 0 
73 0.0152817 0 
74 0.0153837 0 
75 0.0154864 0 
76 0.0155897 0 
77 0.0156938 0 
78 0.0157986 0 
79 0.0159041 0 
80 0.0160104 0 
81 0.0161174 0 
82 0.0162251 0 
83 0.0163336 0 
84 0.0164429 0 
85 0.016553 0 
86 0.0166638 0 
87 0.0167755 0 
88 0.0168879 0 
89 0.0170011 0 
90 0.0171152 0 
91 0.0172301 0 
92 0.0173458 0 
93 0.0174624 0 
94 0.0175798 0 
95 0.0176981 0 
96 0.0178173 0 
97 0.0179374 0 
98 0.0180583 0 
99 0.0181802 0 
100 0.0183029 0 
101 0.0184266 0 
102 0.0185513 0 
103 0.0186768 0 
104 0.0188034 0 
105 0.0189309 0 
106 0.0190593 0 
107 0.0191888 0 
108 0.0193193 0 
109 0.0194508 0 
110 0.0195833 0 
111 0.0197168 0 
112 0.0198514 0 
113 0.019987 0 
114 0.0201238 0 
115 0.0202616 0 
116 0.0204005 0 
117 0.0205405 0 
118 0.0206817 0 
119 0.020824 0 
120 0.0209674 0 
121 0.021112 0 
122 0.0212578 0 
123 0.0214048 0 
124 0.021553 0 
125 0.0217024 0 
126 0.0218531 0 
127 0.022005 0 
128 0.0221582 0 
129 0.0223127 0 
130 0.0224685 0 
131 0.0226256 0 
132 0.0227841 0 
133 0.0229439 0 
134 0.0231051 0 
135 0.0232676 0 
136 0.0234316 0 
137 0.023597 0 
138 0.0237639 0 
139 0.0239322 0 
140 0.024102 0 
141 0.0242733 0 
142 0.0244462 0 
143 0.0246206 0 
144 0.0247965 0 
145 0.024974 0 
146 0.0251532 0 
147 0.025334 0 
148 0.0255164 0 
149 0.0257005 0 
150 0.0258863 0 
151 0.0260738 0 
152 0.0262631 0 
153 0.0264541 0 
154 0.0266469 0 
155 0.0268416 0 
156 0.0270381 0 
157 0.0272365 0 
158 0.0274367 0 
159 0.0276389 0 
160 0.0278431 0 
161 0.0280492 0 
162 0.0282574 0 
163 0.0284676 0 
164 0.0286799 0 
165 0.0288942 0 
166 0.0291107 0 
167 0.0293294 0 
168 0.0295503 0 
169 0.0297734 0 
170 0.0299988 0 
171 0.0302264 0 
172 0.0304564 0 
173 0.0306888 0 
174 0.0309236 0 
175 0.0311608 0 
176 0.0314006 0 
177 0.0316428 0 
178 0.0318876 0 
179 0.032135 0 
180 0.0323851 0 
181 0.0326378 0 
182 0.0328933 0 
183 0.0331516 0 
184 0.0334127 0 
185 0.0336766 0 
186 0.0339435 0 
187 0.0342133 0 
188 0.0344862 0 
189 0.0347621 0 
190 0.0350411 0 
191 0.0353233 0 
192 0.0356088 0 
193 0.0358975 0 
194 0.0361895 0 
195 0.036485 0 
196 0.0367839 0 
197 0.0370863 0 
198 0.0373923 0 
199 0.0377019 0 
200 0.0380153 0 
201 0.0383324 0 
202 0.0386533 0 
203 0.0389782 0 
204 0.039307 0 
205 0.03964 0 
206 0.039977 0 
207 0.0403182 0 
208 0.0406638 0 
209 0.0410137 0 
210 0.0413681 0 
211 0.041727 0 
212 0.0420905 0 
213 0.0424587 0 
214 0.0428318 0 
215 0.0432097 0 
216 0.0435927 0 
217 0.0439807 0 
218 0.044374 0 
219 0.0447725 0 
220 0.0451765 0 
221 0.045586 0 
222 0.0460011 0 
223 0.046422 0 
224 0.0468488 0 
225 0.0472816 0 
226 0.0477205 0 
227 0.0481656 0 
228 0.0486171 0 
229 0.0490752 0 
230 0.0495399 0 
231 0.0500115 0 
232 0.05049 0 
233 0.0509757 0 
234 0.0514686 0 
235 0.051969 0 
236 0.052477 0 
237 0.0529927 0 
238 0.0535165 0 
239 0.0540484 0 
240 0.0545886 0 
241 0.0551374 0 
242 0.055695 0 
243 0.0562615 0 
244 0.0568372 0 
245 0.0574222 0 
246 0.0580169 0 
247 0.0586215 0 
248 0.0592362 0 
249 0.0598613 0 
250 0.0604969 0 
251 0.0611435 0 
252 0.0618013 0 
253 0.0624706 0 
254 0.0631516 0 
255 0.0638447 0 
256 0.0645503 0 
257 0.0652686 0 
258 0.0659999 0 
259 0.0667448 0 
260 0.0675034 0 
261 0.0682763 0 
262 0.0690638 0 
263 0.0698663 0 
264 0.0706843 0 
265 0.0715182 0 
266 0.0723685 0 
267 0.0732356 0 
268 0.0741201 0 
269 0.0750225 0 
270 0.0759433 0 
271 0.0768831 0 
272 0.0778425 0 
273 0.0788221 0 
274 0.0798225 0 
275 0.0808444 0 
276 0.0818886 0 
277 0.0829556 0 
278 0.0840464 0 
279 0.0851616 0 
280 0.0863021 0 
281 0.0874688 0 
282 0.0886625 0 
283 0.0898843 0 
284 0.091135 0 
285 0.0924158 0 
286 0.0937277 0 
287 0.0950718 0 
288 0.0964493 0 
289 0.0978616 0 
290 0.0993098 0 
291 0.100795 0 
292 0.10232 0 
293 0.103885 0 
294 0.105491 0 
295 0.107142 0 
296 0.108837 0 
297 0.11058 0 
298 0.112373 0 
299 0.114217 0 
300 0.116123 0 
301 0.118186 0 
302 0.120259 0 
303 0.122394 0 
304 0.124585 0 
305 0.126836 0 
306 0.129146 0 
307 0.131516 0 
308 0.133949 0 
309 0.136452 0 
310 0.13903 0 
311 0.141693 0 
312 0.144446 0 
313 0.147295 0 
314 0.150247 0 
315 0.153305 0 
316 0.156477 0 
317 0.159768 0 
318 0.163184 0 
319 0.166735 0 
320 0.170425 0 
321 0.174265 0 
322 0.178263 0 
323 0.182428 0 
324 0.186771 0 
325 0.191303 0 
326 0.196035 0 
327 0.200981 0 
328 0.206155 0 
329 0.211572 0 
330 0.217248 0 
331 0.223202 0 
332 0.229453 0 
333 0.236021 0 
334 0.242931 0 
335 0.250207 0 
336 0.257877 0 
337 0.26597 0 
338 0.27452 0 
339 0.283561 0 
340 0.293133 0 
341 0.303279 0 
342 0.314063 0 
343 0.325693 0 
344 0.339607 0 
345 0.367358 0 
346 0.480401 0 
347 0.485176 0 
348 0.501419 0 
349 0.506898 0 
350 0.510392 0 
351 0.511314 0 
352 0.512578 0 
353 0.517329 0 
354 0.527939 0 
355 0.544913 0 
356 0.56725 0 
357 0.593462 0 
358 0.622358 0 
359 0.653249 0 
360 0.685785 0 
361 0.719768 0 
362 0.75502 0 
363 0.791341 0 
364 0.828492 0 
365 0.866201 0 
366 0.904173 0 
367 0.942103 0 
368 0.979693 0 
369 1.01666 0 
370 1.05274 0 
371 1.08773 0 
372 1.12142 0 
373 1.1537 0 
374 1.18446 0 
375 1.21364 0 
376 1.24123 0 
377 1.26722 0 
378 1.29167 0 
379 1.31461 0 
380 1.33611 0 
381 1.35625 0 
382 1.37511 0 
383 1.39276 0 
384 1.40928 0 
385 1.42476 0 
386 1.43927 0 
387 1.45288 0 
388 1.46566 0 
389 1.47766 0 
390 1.48896 0 
391 1.49959 0 
392 1.50962 0 
393 1.51907 0 
394 1.52801 0 
395 1.53646 0 
396 1.54446 0 
397 1.55205 0 
398 1.55924 0 
399 1.56608 0 
400 1.57258 0 
401 1.57876 0 
402 1.58466 0 
403 1.59028 0 
404 1.59564 0 
405 1.60076 0 
406 1.60566 0 
407 1.61035 0 
408 1.61484 0 
409 1.61914 0 
410 1.62327 0 
411 1.62723 0 
412 1.63104 0 
413 1.6347 0 
414 1.63822 0 
415 1.64161 0 
416 1.64488 0 
417 1.64803 0 
418 1.65106 0 
419 1.65399 0 
420 1.65682 0 
421 1.65955 0 
422 1.6622 0 
423 1.66475 0 
424 1.66722 0 
425 1.66962 0 
426 1.67194 0 
427 1.67419 0 
428 1.67636 0 
429 1.67848 0 
430 1.68053 0 
431 1.68252 0 
432 1.68445 0 
433 1.68633 0 
434 1.68816 0 
435 1.68994 0 
436 1.69166 0 
437 1.69334 0 
438 1.69498 0 
439 1.69657 0 
440 1.69812 0 
441 1.69964 0 
442 1.70111 0 
443 1.70255 0 
444 1.70395 0 
445 1.70532 0 
446 1.70665 0 
447 1.70795 0 
448 1.70922 0 
449 1.71047 0 
450 1.71168 0 
451 1.71286 0 
452 1.71402 0 
453 1.71516 0 
454 1.71627 0 
455 1.71735 0 
456 1.71841 0 
457 1.71945 0 
458 1.72046 0 
459 1.72146 0 
460 1.72243 0 
461 1.72339 0 
462 1.72432 0 
463 1.72524 0 
464 1.72613 0 
465 1.72701 0 
466 1.72788 0 
467 1.72872 0 
468 1.72955 0 
469 1.73036 0 
470 1.73116 0 
471 1.73195 0 
472 1.73272 0 
473 1.73347 0 
474 1.73421 0 
475 1.73494 0 
476 1.73565 0 
477 1.73636 0 
478 1.73705 0 
479 1.73772 0 
480 1.73839 0 
481 1.73905 0 
482 1.73969 0 
483 1.74032 0 
484 1.74095 0 
485 1.74156 0 
486 1.74216 0 
487 1.74275 0 
488 1.74333 0 
489 1.74391 0 
490 1.74447 0 
491 1.74503 0 
492 1.74557 0 
493 1.74611 0 
494 1.74664 0 
495 1.74716 0 
496 1.74768 0 
497 1.74818 0 
498 1.74868 0 
499 1.74917 0 
500 1.74966 0 
501 1.75013 0 
502 1.7506 0 
503 1.75107 0 
504 1.75152 0 
505 1.75197 0 
506 1.75242 0 
507 1.75285 0 
508 1.75329 0 
509 1.75371 0 
510 1.75413 0 
511 1.75454 0 
512 1.75495 0 
513 1.75536 0 
514 1.75575 0 
515 1.75614 0 
516 1.75653 0 
517 1.75691 0 
518 1.75729 0 
519 1.75766 0 
520 1.75803 0 
521 1.75839 0 
522 1.75875 0 
523 1.7591 0 
524 1.75945 0 
525 1.7598 0 
526 1.76014 0 
527 1.76047 0 
528 1.7608 0 
529 1.76113 0 
530 1.76146 0 
531 1.76178 0 
532 1.76209 0 
533 1.7624 0 
534 1.76271 0 
535 1.76302 0 
536 1.76332 0 
537 1.76362 0 
538 1.76391 0 
539 1.7642 0 
540 1.76449 0 
541 1.76478 0 
542 1.76506 0 
543 1.76534 0 
544 1.76561 0 
545 1.76588 0 
546 1.76615 0 
547 1.76642 0 
548 1.76668 0 
549 1.76694 0 
550 1.7672 0 
551 1.76746 0 
552 1.76771 0 
553 1.76796 0 
554 1.7682 0 
555 1.76845 0 
556 1.76869 0 
557 1.76893 0 
558 1.76917 0 
559 1.76943 0 
560 1.76964 0 
561 1.76987 0 
562 1.77009 0 
563 1.77031 0 
564 1.77053 0 
565 1.77076 0 
566 1.77097 0 
567 1.77119 0 
568 1.7714 0 
569 1.77162 0 
570 1.77183 0 
571 1.77203 0 
572 1.77224 0 
573 1.77244 0 
574 1.77264 0 
575 1.77284 0 
576 1.77304 0 
577 1.77324 0 
578 1.77343 0 
579 1.77362 0 
580 1.77382 0 
581 1.774 0 
582 1.77419 0 
583 1.77438 0 
584 1.77456 0 
585 1.77474 0 
586 1.77492 0 
587 1.7751 0 
588 1.77528 0 
589 1.77545 0 
590 1.77563 0 
591 1.7758 0 
592 1.77597 0 
593 1.77614 0 
594 1.77627 0 
595 1.77642 0 
596 1.77663 0 
597 1.77681 0 
598 1.77698 0 
