300 1.1957 1.19421 
301 1.19421 1.19309 
302 1.19309 1.19224 
303 1.19224 1.19161 
304 1.19161 1.19114 
305 1.19114 1.19082 
306 1.19082 1.19059 
307 1.19059 1.19045 
308 1.19045 1.19036 
309 1.19036 1.19032 
310 1.19032 1.1903 
311 1.1903 1.1903 
312 1.1903 1.19032 
313 1.19032 1.19034 
314 1.19034 1.19037 
315 1.19037 1.19041 
316 1.19041 1.19044 
317 1.19044 1.19048 
318 1.19048 1.19053 
319 1.19053 1.19057 
320 1.19057 1.19062 
321 1.19062 1.19067 
322 1.19067 1.19072 
323 1.19072 1.19078 
324 1.19078 1.19084 
325 1.19084 1.1909 
326 1.1909 1.19096 
327 1.19096 1.19103 
328 1.19103 1.1911 
329 1.1911 1.19118 
330 1.19118 1.19126 
331 1.19126 1.19135 
332 1.19135 1.19145 
333 1.19145 1.19156 
334 1.19156 1.19169 
335 1.19169 1.19183 
336 1.19183 1.19199 
337 1.19199 1.19217 
338 1.19217 1.19237 
339 1.19237 1.1926 
340 1.1926 1.19285 
341 1.19285 1.19312 
342 1.19312 1.1934 
343 1.1934 1.19368 
344 1.19368 1.19394 
345 1.19394 1.19417 
346 1.19417 1.19434 
347 1.19434 1.19449 
348 1.19449 1.19462 
349 1.19462 1.19476 
350 1.19476 1.19491 
351 1.19491 1.19509 
352 1.19509 1.19532 
353 1.19532 1.1956 
354 1.1956 1.19595 
355 1.19595 1.1964 
356 1.1964 1.19699 
357 1.19699 1.19776 
358 1.19776 1.19879 
359 1.19879 1.20017 
360 1.20017 1.20203 
361 1.20203 1.2045 
362 1.2045 1.20774 
363 1.20774 1.21194 
364 1.21194 1.21725 
365 1.21725 1.22383 
366 1.22383 1.23179 
367 1.23179 1.2412 
368 1.2412 1.25208 
369 1.25208 1.26435 
370 1.26435 1.2779 
371 1.2779 1.29254 
372 1.29254 1.30804 
373 1.30804 1.32415 
374 1.32415 1.3406 
375 1.3406 1.35715 
376 1.35715 1.37356 
377 1.37356 1.38965 
378 1.38965 1.40526 
379 1.40526 1.42029 
380 1.42029 1.43466 
381 1.43466 1.44834 
382 1.44834 1.46131 
383 1.46131 1.47359 
384 1.47359 1.48518 
385 1.48518 1.49612 
386 1.49612 1.50645 
387 1.50645 1.5162 
388 1.5162 1.5254 
389 1.5254 1.53411 
390 1.53411 1.54234 
391 1.54234 1.55014 
392 1.55014 1.55753 
393 1.55753 1.56454 
394 1.56454 1.5712 
395 1.5712 1.57753 
396 1.57753 1.58355 
397 1.58355 1.58929 
398 1.58929 1.59477 
399 1.59477 1.59999 
400 1.59999 1.60498 
401 1.60498 1.60975 
402 1.60975 1.61431 
403 1.61431 1.61869 
404 1.61869 1.62288 
405 1.62288 1.6269 
406 1.6269 1.63076 
407 1.63076 1.63446 
408 1.63446 1.63803 
409 1.63803 1.64145 
410 1.64145 1.64476 
411 1.64476 1.64794 
412 1.64794 1.651 
413 1.651 1.65396 
414 1.65396 1.65681 
415 1.65681 1.65957 
416 1.65957 1.66223 
417 1.66223 1.6648 
418 1.6648 1.66729 
419 1.66729 1.6697 
420 1.6697 1.67203 
421 1.67203 1.67429 
422 1.67429 1.67648 
423 1.67648 1.67861 
424 1.67861 1.68067 
425 1.68067 1.68267 
426 1.68267 1.68461 
427 1.68461 1.68649 
428 1.68649 1.68833 
429 1.68833 1.69011 
430 1.69011 1.69184 
431 1.69184 1.69352 
432 1.69352 1.69516 
433 1.69516 1.69676 
434 1.69676 1.69831 
435 1.69831 1.69983 
436 1.69983 1.7013 
437 1.7013 1.70274 
438 1.70274 1.70414 
439 1.70414 1.70551 
440 1.70551 1.70684 
441 1.70684 1.70814 
442 1.70814 1.70941 
443 1.70941 1.71065 
444 1.71065 1.71186 
445 1.71186 1.71305 
446 1.71305 1.71421 
447 1.71421 1.71535 
448 1.71535 1.71646 
