450 1.36879 1.36895 
451 1.39498 1.39516 
452 1.41874 1.41891 
453 1.4403 1.44045 
454 1.45989 1.46002 
455 1.47773 1.47785 
456 1.49401 1.49412 
457 1.50892 1.50901 
458 1.52259 1.52268 
459 1.53517 1.53524 
460 1.54676 1.54683 
461 1.55747 1.55754 
462 1.5674 1.56746 
463 1.57661 1.57667 
464 1.58518 1.58524 
465 1.59318 1.59322 
466 1.60064 1.60069 
467 1.60763 1.60768 
468 1.61419 1.61423 
469 1.62035 1.62038 
470 1.62614 1.62618 
471 1.6316 1.63164 
472 1.63676 1.63679 
473 1.64163 1.64166 
474 1.64624 1.64627 
475 1.65062 1.65064 
476 1.65477 1.65479 
477 1.65871 1.65874 
478 1.66246 1.66249 
479 1.66604 1.66606 
480 1.66944 1.66947 
481 1.6727 1.67272 
482 1.67581 1.67583 
483 1.67878 1.6788 
484 1.68162 1.68164 
485 1.68435 1.68437 
486 1.68696 1.68698 
487 1.68947 1.68949 
488 1.69188 1.6919 
489 1.6942 1.69421 
490 1.69643 1.69644 
491 1.69857 1.69859 
492 1.70064 1.70065 
493 1.70263 1.70264 
494 1.70455 1.70456 
495 1.7064 1.70642 
496 1.70819 1.70821 
497 1.70992 1.70993 
498 1.71159 1.71161 
499 1.71321 1.71322 
500 1.71478 1.71479 
501 1.71629 1.7163 
502 1.71776 1.71777 
503 1.71919 1.7192 
504 1.72057 1.72058 
505 1.72191 1.72192 
506 1.72321 1.72322 
507 1.72447 1.72448 
508 1.72569 1.7257 
509 1.72689 1.72689 
510 1.72804 1.72805 
511 1.72917 1.72918 
512 1.73027 1.73028 
513 1.73133 1.73134 
514 1.73237 1.73238 
515 1.73339 1.73339 
516 1.73437 1.73438 
517 1.73533 1.73534 
518 1.73627 1.73628 
519 1.73718 1.73719 
520 1.73807 1.73808 
521 1.73894 1.73895 
522 1.73979 1.7398 
523 1.74062 1.74063 
524 1.74143 1.74144 
525 1.74222 1.74223 
526 1.74299 1.743 
527 1.74375 1.74375 
528 1.74449 1.74449 
529 1.74521 1.74521 
530 1.74592 1.74592 
531 1.74661 1.74661 
532 1.74728 1.74729 
533 1.74794 1.74795 
534 1.74859 1.7486 
535 1.74923 1.74923 
536 1.74985 1.74985 
537 1.75046 1.75046 
538 1.75106 1.75106 
539 1.75164 1.75164 
540 1.75221 1.75222 
541 1.75278 1.75278 
542 1.75333 1.75333 
543 1.75387 1.75387 
544 1.7544 1.7544 
545 1.75492 1.75492 
546 1.75543 1.75543 
547 1.75593 1.75594 
548 1.75642 1.75643 
549 1.75691 1.75691 
550 1.75738 1.75739 
551 1.75785 1.75785 
552 1.75831 1.75831 
553 1.75876 1.75876 
554 1.7592 1.7592 
555 1.75963 1.75964 
556 1.76006 1.76006 
557 1.76048 1.76048 
558 1.76089 1.7609 
559 1.7613 1.7613 
560 1.7617 1.7617 
561 1.76209 1.7621 
562 1.76248 1.76248 
563 1.76286 1.76286 
564 1.76323 1.76324 
565 1.7636 1.7636 
566 1.76396 1.76397 
567 1.76432 1.76432 
568 1.76467 1.76468 
569 1.76502 1.76502 
570 1.76536 1.76536 
571 1.76569 1.7657 
572 1.76603 1.76603 
573 1.76635 1.76635 
574 1.76667 1.76667 
575 1.76699 1.76699 
576 1.7673 1.7673 
577 1.76761 1.76761 
578 1.76791 1.76791 
579 1.76821 1.76821 
580 1.7685 1.7685 
581 1.76879 1.76879 
582 1.76908 1.76908 
583 1.76936 1.76936 
584 1.76964 1.76964 
585 1.76991 1.76991 
586 1.77018 1.77018 
587 1.77045 1.77045 
588 1.77071 1.77071 
589 1.77097 1.77097 
590 1.77123 1.77123 
591 1.77148 1.77148 
592 1.77173 1.77173 
593 1.77198 1.77198 
594 1.77222 1.77222 
595 1.77246 1.77246 
596 1.7727 1.7727 
597 1.77293 1.77293 
598 1.77316 1.77316 
599 1.77338 1.77339 
