600 1.77753 1.77753 
601 1.77753 1.77751 
602 1.77751 1.77746 
603 1.77746 1.77739 
604 1.77739 1.77731 
605 1.77731 1.7772 
606 1.7772 1.77708 
607 1.77708 1.77695 
608 1.77695 1.77681 
609 1.77681 1.77667 
610 1.77667 1.77651 
611 1.77651 1.77635 
612 1.77635 1.77619 
613 1.77619 1.77602 
614 1.77602 1.77585 
615 1.77585 1.77568 
616 1.77568 1.77551 
617 1.77551 1.77533 
618 1.77533 1.77516 
619 1.77516 1.77498 
620 1.77498 1.7748 
621 1.7748 1.77462 
622 1.77462 1.77443 
623 1.77443 1.77425 
624 1.77425 1.77406 
625 1.77406 1.77387 
626 1.77387 1.77368 
627 1.77368 1.77349 
628 1.77349 1.7733 
629 1.7733 1.7731 
630 1.7731 1.77291 
631 1.77291 1.77271 
632 1.77271 1.77251 
633 1.77251 1.7723 
634 1.7723 1.7721 
635 1.7721 1.77189 
636 1.77189 1.77168 
637 1.77168 1.77147 
638 1.77147 1.77126 
639 1.77126 1.77104 
640 1.77104 1.77082 
641 1.77082 1.7706 
642 1.7706 1.77038 
643 1.77038 1.77016 
644 1.77016 1.76993 
645 1.76993 1.7697 
646 1.7697 1.76947 
647 1.76947 1.76924 
648 1.76924 1.769 
649 1.769 1.76877 
650 1.76877 1.76853 
651 1.76853 1.76828 
652 1.76828 1.76804 
653 1.76804 1.76779 
654 1.76779 1.76754 
655 1.76754 1.76728 
656 1.76728 1.76703 
657 1.76703 1.76677 
658 1.76677 1.76651 
659 1.76651 1.76624 
660 1.76624 1.76598 
661 1.76598 1.76571 
662 1.76571 1.76543 
663 1.76543 1.76516 
664 1.76516 1.76488 
665 1.76488 1.7646 
666 1.7646 1.76431 
667 1.76431 1.76402 
668 1.76402 1.76373 
669 1.76373 1.76344 
670 1.76344 1.76314 
671 1.76314 1.76284 
672 1.76284 1.76253 
673 1.76253 1.76223 
674 1.76223 1.76191 
675 1.76191 1.7616 
676 1.7616 1.76128 
677 1.76128 1.76096 
678 1.76096 1.76063 
679 1.76063 1.7603 
680 1.7603 1.75997 
681 1.75997 1.75963 
682 1.75963 1.75929 
683 1.75929 1.75894 
684 1.75894 1.75859 
685 1.75859 1.75823 
686 1.75823 1.75787 
687 1.75787 1.75751 
688 1.75751 1.75714 
689 1.75714 1.75677 
690 1.75677 1.75639 
691 1.75639 1.756 
692 1.756 1.75562 
693 1.75562 1.75522 
694 1.75522 1.75482 
695 1.75482 1.75442 
696 1.75442 1.75401 
697 1.75401 1.75359 
698 1.75359 1.75317 
699 1.75317 1.75274 
700 1.75274 1.75231 
701 1.75231 1.75187 
702 1.75187 1.75143 
703 1.75143 1.75097 
704 1.75097 1.75051 
705 1.75051 1.75005 
706 1.75005 1.74958 
707 1.74958 1.7491 
708 1.7491 1.74861 
709 1.74861 1.74811 
710 1.74811 1.74761 
711 1.74761 1.7471 
712 1.7471 1.74659 
713 1.74659 1.74606 
714 1.74606 1.74553 
715 1.74553 1.74498 
716 1.74498 1.74443 
717 1.74443 1.74387 
718 1.74387 1.7433 
719 1.7433 1.74272 
720 1.74272 1.74213 
721 1.74213 1.74154 
722 1.74154 1.74093 
723 1.74093 1.74031 
724 1.74031 1.73968 
725 1.73968 1.73904 
726 1.73904 1.73839 
727 1.73839 1.73772 
728 1.73772 1.73705 
729 1.73705 1.73636 
730 1.73636 1.73566 
731 1.73566 1.73495 
732 1.73495 1.73423 
733 1.73423 1.73349 
734 1.73349 1.73274 
735 1.73274 1.73197 
736 1.73197 1.73119 
737 1.73119 1.7304 
738 1.7304 1.72959 
739 1.72959 1.72877 
740 1.72877 1.72792 
741 1.72792 1.72707 
742 1.72707 1.7262 
743 1.7262 1.72531 
744 1.72531 1.7244 
745 1.7244 1.72346 
746 1.72346 1.7225 
747 1.7225 1.72152 
748 1.72152 1.72052 
