0 0 1.19997 
1 1.19997 1.19997 
2 1.19997 1.19997 
3 1.19997 1.19997 
4 1.19997 1.19997 
5 1.19997 1.19997 
6 1.19997 1.19997 
7 1.19997 1.19997 
8 1.19997 1.19997 
9 1.19997 1.19997 
10 1.19997 1.19997 
11 1.19997 1.19997 
12 1.19997 1.19997 
13 1.19997 1.19997 
14 1.19997 1.19997 
15 1.19997 1.19997 
16 1.19997 1.19997 
17 1.19997 1.19997 
18 1.19997 1.19997 
19 1.19997 1.19997 
20 1.19997 1.19997 
21 1.19997 1.19997 
22 1.19997 1.19997 
23 1.19997 1.19997 
24 1.19997 1.19997 
25 1.19997 1.19997 
26 1.19997 1.19997 
27 1.19997 1.19997 
28 1.19997 1.19997 
29 1.19997 1.19997 
30 1.19997 1.19997 
31 1.19997 1.19997 
32 1.19997 1.19997 
33 1.19997 1.19997 
34 1.19997 1.19997 
35 1.19997 1.19997 
36 1.19997 1.19997 
37 1.19997 1.19997 
38 1.19997 1.19997 
39 1.19997 1.19997 
40 1.19997 1.19997 
41 1.19997 1.19997 
42 1.19997 1.19997 
43 1.19997 1.19997 
44 1.19997 1.19997 
45 1.19997 1.19997 
46 1.19997 1.19997 
47 1.19997 1.19997 
48 1.19997 1.19997 
49 1.19997 1.19997 
50 1.19997 1.19997 
51 1.19997 1.19997 
52 1.19997 1.19997 
53 1.19997 1.19997 
54 1.19997 1.19997 
55 1.19997 1.19997 
56 1.19997 1.19997 
57 1.19997 1.19997 
58 1.19997 1.19997 
59 1.19997 1.19997 
60 1.19997 1.19997 
61 1.19997 1.19997 
62 1.19997 1.19997 
63 1.19997 1.19997 
64 1.19997 1.19997 
65 1.19997 1.19997 
66 1.19997 1.19997 
67 1.19997 1.19997 
68 1.19997 1.19997 
69 1.19997 1.19997 
70 1.19997 1.19997 
71 1.19997 1.19997 
72 1.19997 1.19997 
73 1.19997 1.19997 
74 1.19997 1.19997 
75 1.19997 1.19997 
76 1.19997 1.19997 
77 1.19997 1.19997 
78 1.19997 1.19997 
79 1.19997 1.19997 
80 1.19997 1.19997 
81 1.19997 1.19997 
82 1.19997 1.19997 
83 1.19997 1.19997 
84 1.19997 1.19997 
85 1.19997 1.19997 
86 1.19997 1.19997 
87 1.19997 1.19997 
88 1.19997 1.19997 
89 1.19997 1.19997 
90 1.19997 1.19997 
91 1.19997 1.19997 
92 1.19997 1.19997 
93 1.19997 1.19997 
94 1.19997 1.19997 
95 1.19997 1.19997 
96 1.19997 1.19997 
97 1.19997 1.19997 
98 1.19997 1.19997 
99 1.19997 1.19997 
100 1.19997 1.19997 
101 1.19997 1.19997 
102 1.19997 1.19997 
103 1.19997 1.19997 
104 1.19997 1.19997 
105 1.19997 1.19997 
106 1.19997 1.19997 
107 1.19997 1.19997 
108 1.19997 1.19997 
109 1.19997 1.19997 
110 1.19997 1.19997 
111 1.19997 1.19997 
112 1.19997 1.19997 
113 1.19997 1.19997 
114 1.19997 1.19997 
115 1.19997 1.19997 
116 1.19997 1.19997 
117 1.19997 1.19997 
118 1.19997 1.19997 
119 1.19997 1.19997 
120 1.19997 1.19997 
121 1.19997 1.19997 
122 1.19997 1.19997 
123 1.19997 1.19997 
124 1.19997 1.19997 
125 1.19997 1.19997 
126 1.19997 1.19997 
127 1.19997 1.19997 
128 1.19997 1.19997 
129 1.19997 1.19997 
130 1.19997 1.19997 
131 1.19997 1.19997 
132 1.19997 1.19997 
133 1.19997 1.19997 
134 1.19997 1.19997 
135 1.19997 1.19997 
136 1.19997 1.19997 
137 1.19997 1.19997 
138 1.19997 1.19997 
139 1.19997 1.19997 
140 1.19997 1.19997 
141 1.19997 1.19997 
142 1.19997 1.19997 
143 1.19997 1.19997 
144 1.19997 1.19997 
145 1.19997 1.19997 
146 1.19997 1.19997 
147 1.19997 1.19997 
148 1.19997 1.19997 
