750 1.33996 1.33998 
751 1.30799 1.30797 
752 1.27269 1.27265 
753 1.23431 1.23378 
754 1.20187 1.2 
755 1.20006 1.2 
756 1.19999 1.2 
757 1.19997 1.2 
758 1.19997 1.2 
759 1.19996 1.2 
760 1.19995 1.2 
761 1.19994 1.2 
762 1.19993 1.2 
763 1.19992 1.2 
764 1.19991 1.2 
765 1.19991 1.2 
766 1.1999 1.2 
767 1.19989 1.2 
768 1.19989 1.2 
769 1.19988 1.2 
770 1.19988 1.2 
771 1.19987 1.2 
772 1.19987 1.2 
773 1.19987 1.2 
774 1.19986 1.2 
775 1.19986 1.2 
776 1.19986 1.2 
777 1.19986 1.2 
778 1.19985 1.2 
779 1.19985 1.2 
780 1.19985 1.2 
781 1.19985 1.2 
782 1.19985 1.2 
783 1.19984 1.2 
784 1.19984 1.2 
785 1.19984 1.2 
786 1.19984 1.2 
787 1.19984 1.2 
788 1.19984 1.2 
789 1.19984 1.2 
790 1.19984 1.2 
791 1.19984 1.2 
792 1.19984 1.2 
793 1.19983 1.2 
794 1.19983 1.2 
795 1.19983 1.2 
796 1.19983 1.2 
797 1.19983 1.2 
798 1.19983 1.2 
799 1.19983 1.2 
800 0 1.2 
801 0 1.2 
802 0 1.2 
803 0 1.2 
804 0 1.2 
805 0 1.2 
806 0 1.2 
807 0 1.2 
808 0 1.2 
809 0 1.2 
810 0 1.2 
811 0 1.2 
812 0 1.2 
813 0 1.2 
814 0 1.2 
815 0 1.2 
816 0 1.2 
817 0 1.2 
818 0 1.2 
819 0 1.2 
820 0 1.2 
821 0 1.2 
822 0 1.2 
823 0 1.2 
824 0 1.2 
825 0 1.2 
826 0 1.2 
827 0 1.2 
828 0 1.2 
829 0 1.2 
830 0 1.2 
831 0 1.2 
832 0 1.2 
833 0 1.2 
834 0 1.2 
835 0 1.2 
836 0 1.2 
837 0 1.2 
838 0 1.2 
839 0 1.2 
840 0 1.2 
841 0 1.2 
842 0 1.2 
843 0 1.2 
844 0 1.2 
845 0 1.2 
846 0 1.2 
847 0 1.2 
848 0 1.2 
849 0 1.2 
850 0 1.2 
851 0 1.2 
852 0 1.2 
853 0 1.2 
854 0 1.2 
855 0 1.2 
856 0 1.2 
857 0 1.2 
858 0 1.2 
859 0 1.2 
860 0 1.2 
861 0 1.2 
862 0 1.2 
863 0 1.2 
864 0 1.2 
865 0 1.2 
866 0 1.2 
867 0 1.2 
868 0 1.2 
869 0 1.2 
870 0 1.2 
871 0 1.2 
872 0 1.2 
873 0 1.2 
874 0 1.2 
875 0 1.2 
876 0 1.2 
877 0 1.2 
878 0 1.2 
879 0 1.2 
880 0 1.2 
881 0 1.2 
882 0 1.2 
883 0 1.2 
884 0 1.2 
885 0 1.2 
886 0 1.2 
887 0 1.2 
888 0 1.2 
889 0 1.2 
890 0 1.2 
891 0 1.2 
892 0 1.2 
893 0 1.2 
894 0 1.2 
895 0 1.2 
896 0 1.2 
897 0 1.2 
898 0 1.2 
899 0 1.2 
