450 1.36892 1.36892 
451 1.39517 1.39517 
452 1.41892 1.41892 
453 1.44046 1.44046 
454 1.46003 1.46003 
455 1.47786 1.47786 
456 1.49414 1.49414 
457 1.50903 1.50903 
458 1.52269 1.52269 
459 1.53526 1.53526 
460 1.54685 1.54685 
461 1.55755 1.55755 
462 1.56747 1.56747 
463 1.57668 1.57668 
464 1.58525 1.58525 
465 1.59324 1.59324 
466 1.60071 1.60071 
467 1.60769 1.60769 
468 1.61425 1.61425 
469 1.6204 1.6204 
470 1.62619 1.62619 
471 1.63165 1.63165 
472 1.6368 1.6368 
473 1.64167 1.64167 
474 1.64629 1.64629 
475 1.65066 1.65066 
476 1.65481 1.65481 
477 1.65875 1.65875 
478 1.6625 1.6625 
479 1.66607 1.66607 
480 1.66948 1.66948 
481 1.67273 1.67273 
482 1.67584 1.67584 
483 1.67881 1.67881 
484 1.68165 1.68165 
485 1.68438 1.68438 
486 1.68699 1.68699 
487 1.6895 1.6895 
488 1.69191 1.69191 
489 1.69422 1.69422 
490 1.69645 1.69645 
491 1.69859 1.69859 
492 1.70066 1.70066 
493 1.70265 1.70265 
494 1.70457 1.70457 
495 1.70642 1.70642 
496 1.70821 1.70821 
497 1.70994 1.70994 
498 1.71161 1.71161 
499 1.71323 1.71323 
500 1.7148 1.7148 
501 1.71631 1.71631 
502 1.71778 1.71778 
503 1.7192 1.7192 
504 1.72058 1.72058 
505 1.72192 1.72192 
506 1.72322 1.72322 
507 1.72448 1.72448 
508 1.72571 1.72571 
509 1.7269 1.7269 
510 1.72806 1.72806 
511 1.72918 1.72918 
512 1.73028 1.73028 
513 1.73135 1.73135 
514 1.73239 1.73239 
515 1.7334 1.7334 
516 1.73438 1.73438 
517 1.73534 1.73534 
518 1.73628 1.73628 
519 1.73719 1.73719 
520 1.73808 1.73808 
521 1.73895 1.73895 
522 1.7398 1.7398 
523 1.74063 1.74063 
524 1.74144 1.74144 
525 1.74223 1.74223 
526 1.743 1.743 
527 1.74376 1.74376 
528 1.7445 1.7445 
529 1.74522 1.74522 
530 1.74592 1.74592 
531 1.74661 1.74661 
532 1.74729 1.74729 
533 1.74795 1.74795 
534 1.7486 1.7486 
535 1.74924 1.74924 
536 1.74986 1.74986 
537 1.75047 1.75047 
538 1.75106 1.75106 
539 1.75165 1.75165 
540 1.75222 1.75222 
541 1.75278 1.75278 
542 1.75333 1.75333 
543 1.75387 1.75387 
544 1.75441 1.75441 
545 1.75493 1.75493 
546 1.75544 1.75544 
547 1.75594 1.75594 
548 1.75643 1.75643 
549 1.75691 1.75691 
550 1.75739 1.75739 
551 1.75785 1.75785 
552 1.75831 1.75831 
553 1.75876 1.75876 
554 1.7592 1.7592 
555 1.75964 1.75964 
556 1.76007 1.76007 
557 1.76049 1.76049 
558 1.7609 1.7609 
559 1.76131 1.76131 
560 1.7617 1.7617 
561 1.7621 1.7621 
562 1.76248 1.76248 
563 1.76286 1.76286 
564 1.76324 1.76324 
565 1.76361 1.76361 
566 1.76397 1.76397 
567 1.76433 1.76433 
568 1.76468 1.76468 
569 1.76502 1.76502 
570 1.76536 1.76536 
571 1.7657 1.7657 
572 1.76603 1.76603 
573 1.76635 1.76635 
574 1.76668 1.76668 
575 1.76699 1.76699 
576 1.7673 1.7673 
577 1.76761 1.76761 
578 1.76791 1.76791 
579 1.76821 1.76821 
580 1.7685 1.7685 
581 1.76879 1.76879 
582 1.76908 1.76908 
583 1.76936 1.76936 
584 1.76964 1.76964 
585 1.76991 1.76991 
586 1.77018 1.77018 
587 1.77045 1.77045 
588 1.77071 1.77071 
589 1.77097 1.77097 
590 1.77123 1.77123 
591 1.77148 1.77148 
592 1.77173 1.77173 
593 1.77198 1.77198 
594 1.77222 1.77222 
595 1.77246 1.77246 
596 1.7727 1.7727 
597 1.77293 1.77293 
598 1.77316 1.77316 
599 1.77338 1.77338 
