900 0.137038 0.133141 
901 0.133141 0.129709 
902 0.129709 0.126601 
903 0.126601 0.123769 
904 0.123769 0.121172 
905 0.121172 0.11877 
906 0.11877 0.116532 
907 0.116532 0.11443 
908 0.11443 0.112441 
909 0.112441 0.110546 
910 0.110546 0.10873 
911 0.10873 0.106983 
912 0.106983 0.105296 
913 0.105296 0.103662 
914 0.103662 0.102077 
915 0.102077 0.100536 
916 0.100536 0.0990381 
917 0.0990381 0.0975793 
918 0.0975793 0.0961582 
919 0.0961582 0.0947731 
920 0.0947731 0.0934224 
921 0.0934224 0.0921049 
922 0.0921049 0.0908192 
923 0.0908192 0.0895643 
924 0.0895643 0.088339 
925 0.088339 0.0871423 
926 0.0871423 0.0859732 
927 0.0859732 0.0848308 
928 0.0848308 0.0837141 
929 0.0837141 0.0826223 
930 0.0826223 0.0815545 
931 0.0815545 0.08051 
932 0.08051 0.0794881 
933 0.0794881 0.0784879 
934 0.0784879 0.0775089 
935 0.0775089 0.0765503 
936 0.0765503 0.0756115 
937 0.0756115 0.0746919 
938 0.0746919 0.0737909 
939 0.0737909 0.072908 
940 0.072908 0.0720426 
941 0.0720426 0.0711942 
942 0.0711942 0.0703623 
943 0.0703623 0.0695464 
944 0.0695464 0.0687461 
945 0.0687461 0.0679609 
946 0.0679609 0.0671904 
947 0.0671904 0.0664342 
948 0.0664342 0.0656918 
949 0.0656918 0.064963 
950 0.064963 0.0642473 
951 0.0642473 0.0635444 
952 0.0635444 0.062854 
953 0.062854 0.0621757 
954 0.0621757 0.0615091 
955 0.0615091 0.0608541 
956 0.0608541 0.0602103 
957 0.0602103 0.0595774 
958 0.0595774 0.0589551 
959 0.0589551 0.0583432 
960 0.0583432 0.0577414 
961 0.0577414 0.0571495 
962 0.0571495 0.0565671 
963 0.0565671 0.0559942 
964 0.0559942 0.0554305 
965 0.0554305 0.0548757 
966 0.0548757 0.0543296 
967 0.0543296 0.053792 
968 0.053792 0.0532628 
969 0.0532628 0.0527417 
970 0.0527417 0.0522286 
971 0.0522286 0.0517232 
972 0.0517232 0.0512254 
973 0.0512254 0.0507351 
974 0.0507351 0.050252 
975 0.050252 0.049776 
976 0.049776 0.049307 
977 0.049307 0.0488447 
978 0.0488447 0.0483891 
979 0.0483891 0.04794 
980 0.04794 0.0474972 
981 0.0474972 0.0470607 
982 0.0470607 0.0466303 
983 0.0466303 0.0462058 
984 0.0462058 0.0457872 
985 0.0457872 0.0453743 
986 0.0453743 0.0449671 
987 0.0449671 0.0445653 
988 0.0445653 0.0441689 
989 0.0441689 0.0437778 
990 0.0437778 0.0433919 
991 0.0433919 0.043011 
992 0.043011 0.0426351 
993 0.0426351 0.0422641 
994 0.0422641 0.0418979 
995 0.0418979 0.0415364 
996 0.0415364 0.0411794 
997 0.0411794 0.040827 
998 0.040827 0.040479 
999 0.040479 0.0401353 
1000 0.0401353 0.0397959 
1001 0.0397959 0.0394607 
1002 0.0394607 0.0391296 
1003 0.0391296 0.0388026 
1004 0.0388026 0.0384795 
1005 0.0384795 0.0381603 
1006 0.0381603 0.0378449 
1007 0.0378449 0.0375332 
1008 0.0375332 0.0372252 
1009 0.0372252 0.0369209 
1010 0.0369209 0.0366201 
1011 0.0366201 0.0363228 
1012 0.0363228 0.0360289 
1013 0.0360289 0.0357385 
1014 0.0357385 0.0354513 
1015 0.0354513 0.0351674 
1016 0.0351674 0.0348867 
1017 0.0348867 0.0346091 
1018 0.0346091 0.0343346 
1019 0.0343346 0.0340632 
1020 0.0340632 0.0337948 
1021 0.0337948 0.0335293 
1022 0.0335293 0.0332668 
1023 0.0332668 0.033007 
1024 0.033007 0.0327501 
1025 0.0327501 0.032496 
1026 0.032496 0.0322445 
1027 0.0322445 0.0319958 
1028 0.0319958 0.0317496 
1029 0.0317496 0.0315061 
1030 0.0315061 0.0312651 
1031 0.0312651 0.0310266 
1032 0.0310266 0.0307906 
1033 0.0307906 0.030557 
1034 0.030557 0.0303258 
1035 0.0303258 0.030097 
1036 0.030097 0.0298705 
1037 0.0298705 0.0296464 
1038 0.0296464 0.0294245 
1039 0.0294245 0.0292048 
1040 0.0292048 0.0289874 
1041 0.0289874 0.0287722 
1042 0.0287722 0.0285591 
1043 0.0285591 0.0283482 
1044 0.0283482 0.0281393 
1045 0.0281393 0.027932 
1046 0.027932 0.0277266 
1047 0.0277266 0.0275232 
1048 0.0275232 0.0273218 
