1050 0.0271223 0.0269248 
1051 0.0269248 0.0267292 
1052 0.0267292 0.0265355 
1053 0.0265355 0.0263435 
1054 0.0263435 0.0261534 
1055 0.0261534 0.025965 
1056 0.025965 0.0257783 
1057 0.0257783 0.0255933 
1058 0.0255933 0.0254101 
1059 0.0254101 0.0252285 
1060 0.0252285 0.0250485 
1061 0.0250485 0.0248702 
1062 0.0248702 0.0246935 
1063 0.0246935 0.0245184 
1064 0.0245184 0.0243448 
1065 0.0243448 0.0241728 
1066 0.0241728 0.0240022 
1067 0.0240022 0.0238332 
1068 0.0238332 0.0236657 
1069 0.0236657 0.0234996 
1070 0.0234996 0.0233349 
1071 0.0233349 0.0231717 
1072 0.0231717 0.0230099 
1073 0.0230099 0.0228494 
1074 0.0228494 0.0226903 
1075 0.0226903 0.0225326 
1076 0.0225326 0.0223762 
1077 0.0223762 0.0222211 
1078 0.0222211 0.0220673 
1079 0.0220673 0.0219148 
1080 0.0219148 0.0217635 
1081 0.0217635 0.0216135 
1082 0.0216135 0.0214648 
1083 0.0214648 0.0213172 
1084 0.0213172 0.0211709 
1085 0.0211709 0.0210257 
1086 0.0210257 0.0208817 
1087 0.0208817 0.0207389 
1088 0.0207389 0.0205973 
1089 0.0205973 0.0204567 
1090 0.0204567 0.0203173 
1091 0.0203173 0.020179 
1092 0.020179 0.0200418 
1093 0.0200418 0.0199056 
1094 0.0199056 0.0197706 
1095 0.0197706 0.0196366 
1096 0.0196366 0.0195036 
1097 0.0195036 0.0193716 
1098 0.0193716 0.0192407 
1099 0.0192407 0.0191108 
1100 0.0191108 0.0189819 
1101 0.0189819 0.018854 
1102 0.018854 0.018727 
1103 0.018727 0.018601 
1104 0.018601 0.0184759 
1105 0.0184759 0.0183518 
1106 0.0183518 0.0182287 
1107 0.0182287 0.0181064 
1108 0.0181064 0.017985 
1109 0.017985 0.0178646 
1110 0.0178646 0.017745 
1111 0.017745 0.0176263 
1112 0.0176263 0.0175085 
1113 0.0175085 0.0173916 
1114 0.0173916 0.0172755 
1115 0.0172755 0.0171602 
1116 0.0171602 0.0170458 
1117 0.0170458 0.0169322 
1118 0.0169322 0.0168194 
1119 0.0168194 0.0167074 
1120 0.0167074 0.0165962 
1121 0.0165962 0.0164858 
1122 0.0164858 0.0163762 
1123 0.0163762 0.0162673 
1124 0.0162673 0.0161592 
1125 0.0161592 0.0160519 
1126 0.0160519 0.0159453 
1127 0.0159453 0.0158395 
1128 0.0158395 0.0157344 
1129 0.0157344 0.01563 
1130 0.01563 0.0155263 
1131 0.0155263 0.0154234 
1132 0.0154234 0.0153211 
1133 0.0153211 0.0152195 
1134 0.0152195 0.0151187 
1135 0.0151187 0.0150185 
1136 0.0150185 0.014919 
1137 0.014919 0.0148201 
1138 0.0148201 0.0147219 
1139 0.0147219 0.0146244 
1140 0.0146244 0.0145275 
1141 0.0145275 0.0144313 
1142 0.0144313 0.0143357 
1143 0.0143357 0.0142407 
1144 0.0142407 0.0141464 
1145 0.0141464 0.0140526 
1146 0.0140526 0.0139595 
1147 0.0139595 0.013867 
1148 0.013867 0.0137751 
1149 0.0137751 0.0136837 
1150 0.0136837 0.013593 
1151 0.013593 0.0135028 
1152 0.0135028 0.0134133 
1153 0.0134133 0.0133242 
1154 0.0133242 0.0132358 
1155 0.0132358 0.0131479 
1156 0.0131479 0.0130606 
1157 0.0130606 0.0129738 
1158 0.0129738 0.0128876 
1159 0.0128876 0.0128019 
1160 0.0128019 0.0127167 
1161 0.0127167 0.0126321 
1162 0.0126321 0.0125479 
1163 0.0125479 0.0124644 
1164 0.0124644 0.0123813 
1165 0.0123813 0.0122987 
1166 0.0122987 0.0122166 
1167 0.0122166 0.0121351 
1168 0.0121351 0.012054 
1169 0.012054 0.0119734 
1170 0.0119734 0.0118933 
1171 0.0118933 0.0118137 
1172 0.0118137 0.0117346 
1173 0.0117346 0.0116559 
1174 0.0116559 0.0115777 
1175 0.0115777 0.0114999 
1176 0.0114999 0.0114224 
1177 0.0114224 0.0113451 
1178 0.0113451 0.011268 
1179 0.011268 0.0111905 
1180 0.0111905 0.0111121 
1181 0.0111121 0.0110319 
1182 0.0110319 0.0109483 
1183 0.0109483 0.0108588 
1184 0.0108588 0.0107597 
1185 0.0107597 0.0106456 
1186 0.0106456 0.0105092 
1187 0.0105092 0.0103403 
1188 0.0103403 0.0101261 
1189 0.0101261 0.00985115 
1190 0.00985115 0.00949743 
1191 0.00949743 0.00904587 
1192 0.00904587 0.00847765 
1193 0.00847765 0.00777651 
1194 0.00777651 0.00693117 
1195 0.00693117 0.00593787 
1196 0.00593787 0.00480234 
1197 0.00480234 0.00354095 
1198 0.00354095 0.0021805 
