150 1.19997 1.19997 
151 1.19997 1.19997 
152 1.19997 1.19997 
153 1.19997 1.19997 
154 1.19997 1.19997 
155 1.19997 1.19997 
156 1.19997 1.19997 
157 1.19997 1.19997 
158 1.19997 1.19997 
159 1.19997 1.19997 
160 1.19997 1.19997 
161 1.19997 1.19997 
162 1.19997 1.19997 
163 1.19997 1.19997 
164 1.19997 1.19997 
165 1.19997 1.19997 
166 1.19997 1.19997 
167 1.19997 1.19997 
168 1.19997 1.19997 
169 1.19997 1.19997 
170 1.19997 1.19997 
171 1.19997 1.19997 
172 1.19997 1.19997 
173 1.19997 1.19997 
174 1.19997 1.19997 
175 1.19997 1.19997 
176 1.19997 1.19997 
177 1.19997 1.19997 
178 1.19997 1.19997 
179 1.19997 1.19997 
180 1.19997 1.19997 
181 1.19997 1.19997 
182 1.19997 1.19997 
183 1.19997 1.19997 
184 1.19997 1.19997 
185 1.19997 1.19997 
186 1.19997 1.19997 
187 1.19997 1.19997 
188 1.19997 1.19997 
189 1.19997 1.19997 
190 1.19997 1.19997 
191 1.19997 1.19997 
192 1.19997 1.19997 
193 1.19997 1.19997 
194 1.19997 1.19997 
195 1.19997 1.19997 
196 1.19997 1.19997 
197 1.19997 1.19997 
198 1.19997 1.19997 
199 1.19997 1.19997 
200 1.19997 1.19997 
201 1.19997 1.19997 
202 1.19997 1.19997 
203 1.19997 1.19997 
204 1.19997 1.19997 
205 1.19997 1.19997 
206 1.19997 1.19997 
207 1.19997 1.19997 
208 1.19997 1.19997 
209 1.19997 1.19997 
210 1.19997 1.19997 
211 1.19997 1.19997 
212 1.19997 1.19997 
213 1.19997 1.19997 
214 1.19997 1.19997 
215 1.19997 1.19997 
216 1.19997 1.19997 
217 1.19997 1.19997 
218 1.19997 1.19997 
219 1.19997 1.19997 
220 1.19997 1.19997 
221 1.19997 1.19997 
222 1.19997 1.19997 
223 1.19997 1.19997 
224 1.19997 1.19997 
225 1.19997 1.19997 
226 1.19997 1.19997 
227 1.19997 1.19997 
228 1.19997 1.19997 
229 1.19997 1.19997 
230 1.19997 1.19997 
231 1.19997 1.19997 
232 1.19997 1.19997 
233 1.19997 1.19997 
234 1.19997 1.19997 
235 1.19997 1.19997 
236 1.19997 1.19997 
237 1.19997 1.19997 
238 1.19997 1.19997 
239 1.19997 1.19997 
240 1.19997 1.19997 
241 1.19997 1.19997 
242 1.19997 1.19997 
243 1.19997 1.19997 
244 1.19997 1.19997 
245 1.19997 1.19997 
246 1.19997 1.19997 
247 1.19997 1.19997 
248 1.19997 1.19997 
249 1.19997 1.19997 
250 1.19997 1.19997 
251 1.19997 1.19997 
252 1.19997 1.19997 
253 1.19997 1.19997 
254 1.19997 1.19997 
255 1.19997 1.19997 
256 1.19997 1.19997 
257 1.19997 1.19997 
258 1.19997 1.19997 
259 1.19997 1.19997 
260 1.19997 1.19997 
261 1.19997 1.19997 
262 1.19997 1.19997 
263 1.19997 1.19997 
264 1.19997 1.19997 
265 1.19997 1.19997 
266 1.19997 1.19997 
267 1.19997 1.19997 
268 1.19997 1.19997 
269 1.19997 1.19997 
270 1.19997 1.19997 
271 1.19997 1.19997 
272 1.19997 1.19997 
273 1.19997 1.19997 
274 1.19997 1.19997 
275 1.19997 1.19997 
276 1.19997 1.19997 
277 1.19997 1.19997 
278 1.19997 1.19997 
279 1.19997 1.19997 
280 1.19997 1.19997 
281 1.19997 1.19997 
282 1.19997 1.19997 
283 1.19997 1.19997 
284 1.19997 1.19996 
285 1.19996 1.19996 
286 1.19996 1.19995 
287 1.19995 1.19994 
288 1.19994 1.19991 
289 1.19991 1.19988 
290 1.19988 1.19982 
291 1.19982 1.19973 
292 1.19973 1.1996 
293 1.1996 1.19941 
294 1.19941 1.19914 
295 1.19914 1.19879 
296 1.19879 1.19831 
297 1.19831 1.19766 
298 1.19766 1.19681 
