750 1.71951 1.71847 
751 1.71847 1.71741 
752 1.71741 1.71632 
753 1.71632 1.71522 
754 1.71522 1.71409 
755 1.71409 1.71293 
756 1.71293 1.71174 
757 1.71174 1.71053 
758 1.71053 1.70929 
759 1.70929 1.70802 
760 1.70802 1.70671 
761 1.70671 1.70538 
762 1.70538 1.70401 
763 1.70401 1.70261 
764 1.70261 1.70117 
765 1.70117 1.6997 
766 1.6997 1.69819 
767 1.69819 1.69663 
768 1.69663 1.69504 
769 1.69504 1.6934 
770 1.6934 1.69172 
771 1.69172 1.68999 
772 1.68999 1.68821 
773 1.68821 1.68639 
774 1.68639 1.68451 
775 1.68451 1.68257 
776 1.68257 1.68057 
777 1.68057 1.67852 
778 1.67852 1.6764 
779 1.6764 1.67422 
780 1.67422 1.67197 
781 1.67197 1.66964 
782 1.66964 1.66724 
783 1.66724 1.66476 
784 1.66476 1.6622 
785 1.6622 1.65955 
786 1.65955 1.65681 
787 1.65681 1.65397 
788 1.65397 1.65103 
789 1.65103 1.64798 
790 1.64798 1.64482 
791 1.64482 1.64153 
792 1.64153 1.63812 
793 1.63812 1.63458 
794 1.63458 1.6309 
795 1.6309 1.62706 
796 1.62706 1.62307 
797 1.62307 1.6189 
798 1.6189 1.61456 
799 1.61456 1.61002 
800 1.61002 1.60528 
801 1.60528 1.60032 
802 1.60032 1.59512 
803 1.59512 1.58968 
804 1.58968 1.58397 
805 1.58397 1.57797 
806 1.57797 1.57167 
807 1.57167 1.56503 
808 1.56503 1.55804 
809 1.55804 1.55067 
810 1.55067 1.54289 
811 1.54289 1.53466 
812 1.53466 1.52596 
813 1.52596 1.51674 
814 1.51674 1.50697 
815 1.50697 1.4966 
816 1.4966 1.48558 
817 1.48558 1.47387 
818 1.47387 1.46141 
819 1.46141 1.44815 
820 1.44815 1.43404 
821 1.43404 1.419 
822 1.419 1.40299 
823 1.40299 1.38594 
824 1.38594 1.3678 
825 1.3678 1.34851 
826 1.34851 1.32803 
827 1.32803 1.30632 
828 1.30632 1.28333 
829 1.28333 1.25905 
830 1.25905 1.23346 
831 1.23346 1.20656 
832 1.20656 1.17837 
833 1.17837 1.14894 
834 1.14894 1.1183 
835 1.1183 1.08654 
836 1.08654 1.05377 
837 1.05377 1.02011 
838 1.02011 0.98573 
839 0.98573 0.95081 
840 0.95081 0.915564 
841 0.915564 0.88022 
842 0.88022 0.845009 
843 0.845009 0.81016 
844 0.81016 0.775887 
845 0.775887 0.742382 
846 0.742382 0.70981 
847 0.70981 0.678311 
848 0.678311 0.647993 
849 0.647993 0.618936 
850 0.618936 0.591194 
851 0.591194 0.564797 
852 0.564797 0.539753 
853 0.539753 0.516053 
854 0.516053 0.493673 
855 0.493673 0.472573 
856 0.472573 0.452709 
857 0.452709 0.434026 
858 0.434026 0.416465 
859 0.416465 0.399967 
860 0.399967 0.384469 
861 0.384469 0.369909 
862 0.369909 0.356227 
863 0.356227 0.343365 
864 0.343365 0.331265 
865 0.331265 0.319875 
866 0.319875 0.309146 
867 0.309146 0.29903 
868 0.29903 0.289483 
869 0.289483 0.280465 
870 0.280465 0.271939 
871 0.271939 0.26387 
872 0.26387 0.256226 
873 0.256226 0.248977 
874 0.248977 0.242096 
875 0.242096 0.235558 
876 0.235558 0.229341 
877 0.229341 0.223422 
878 0.223422 0.217782 
879 0.217782 0.212404 
880 0.212404 0.207271 
881 0.207271 0.202367 
882 0.202367 0.197679 
883 0.197679 0.193194 
884 0.193194 0.188901 
885 0.188901 0.184787 
886 0.184787 0.180843 
887 0.180843 0.177058 
888 0.177058 0.173423 
889 0.173423 0.169926 
890 0.169926 0.166554 
891 0.166554 0.163292 
892 0.163292 0.160123 
893 0.160123 0.157024 
894 0.157024 0.153952 
895 0.153952 0.150721 
896 0.150721 0.14745 
897 0.14745 0.14411 
898 0.14411 0.140658 
