0 0 0 
1 0 0 
2 0 0 
3 0 0 
4 0 0 
5 0 0 
6 0 0 
7 0 0 
8 0 0 
9 0 0 
10 0 0 
11 0 0 
12 0 0 
13 0 0 
14 0 0 
15 0 0 
16 0 0 
17 0 0 
18 0 0 
19 0 0 
20 0 0 
21 0 0 
22 0 0 
23 0 0 
24 0 0 
25 0 0 
26 0 0 
27 0 0 
28 0 0 
29 0 0 
30 0 0 
31 0 0 
32 0 0 
33 0 0 
34 0 0 
35 0 0 
36 0 0 
37 0 0 
38 0 0 
39 0 0 
40 0 0 
41 0 0 
42 0 0 
43 0 0 
44 0 0 
45 0 0 
46 0 0 
47 0 0 
48 0 0 
49 0 0 
50 0 0 
51 0 0 
52 0 0 
53 0 0 
54 0 0 
55 0 0 
56 0 0 
57 0 0 
58 0 0 
59 0 0 
60 0 0 
61 0 0 
62 0 0 
63 0 0 
64 0 0 
65 0 0 
66 0 0 
67 0 0 
68 0 0 
69 0 0 
70 0 0 
71 0 0 
72 0 0 
73 0 0 
74 0 0 
75 0 0 
76 0 0 
77 0 0 
78 0 0 
79 0 0 
80 0 0 
81 0 0 
82 0 0 
83 0 0 
84 0 0 
85 0 0 
86 0 0 
87 0 0 
88 0 0 
89 0 0 
90 0 0 
91 0 0 
92 0 0 
93 0 0 
94 0 0 
95 0 0 
96 0 0 
97 0 0 
98 0 0 
99 0 0 
100 0 0 
101 0 0 
102 0 0 
103 0 0 
104 0 0 
105 0 0 
106 0 0 
107 0 0 
108 0 0 
109 0 0 
110 0 0 
111 0 0 
112 0 0 
113 0 0 
114 0 0 
115 0 0 
116 0 0 
117 0 0 
118 0 0 
119 0 0 
120 0 0 
121 0 0 
122 0 0 
123 0 0 
124 0 0 
125 0 0 
126 0 0 
127 0 0 
128 0 0 
129 0 0 
130 0 0 
131 0 0 
132 0 0 
133 0 0 
134 0 0 
135 0 0 
136 0 0 
137 0 0 
138 0 0 
139 0 0 
140 0 0 
141 0 0 
142 0 0 
143 0 0 
144 0 0 
145 0 0 
146 0 0 
147 0 0 
148 0 0 
149 0 0 
150 0 0 
151 0 0 
152 0 0 
153 0 0 
154 0 0 
155 0 0 
156 0 0 
157 0 0 
158 0 0 
159 0 0 
160 0 0 
161 0 0 
162 0 0 
163 0 0 
164 0 0 
165 0 0 
166 0 0 
167 0 0 
168 0 0 
169 0 0 
170 0 0 
171 0 0 
172 0 0 
173 0 0 
174 0 0 
175 0 0 
176 0 0 
177 0 0 
178 0 0 
179 0 0 
180 0 0 
181 0 0 
182 0 0 
183 0 0 
184 0 0 
185 0 0 
186 0 0 
187 0 0 
188 0 0 
189 0 0 
190 0 0 
191 0 0 
192 0 0 
193 0 0 
194 0 0 
195 0 0 
196 0 0 
197 0 0 
198 0 0 
199 0 0 
200 0 0 
201 0 0 
202 0 0 
203 0 0 
204 0 0 
205 0 0 
206 0 0 
207 0 0 
208 0 0 
209 0 0 
210 0 0 
211 0 0 
212 0 0 
213 0 0 
214 0 0 
215 0 0 
216 0 0 
217 0 0 
218 0 0 
219 0 0 
220 0 0 
221 0 0 
222 0 0 
223 0 0 
224 0 0 
225 0 0 
226 0 0 
227 0 0 
228 0 0 
229 0 0 
230 0 0 
231 0 0 
232 0 0 
233 0 0 
234 0 0 
235 0 0 
236 0 0 
237 0 0 
238 0 0 
239 0 0 
240 0 0 
241 0 0 
242 0 0 
243 0 0 
244 0 0 
245 0 0 
246 0 0 
247 0 0 
248 0 0 
249 0 0 
250 0 0 
251 0 0 
252 0 0 
253 0 0 
254 0 0 
255 0 0 
256 0 0 
257 0 0 
258 0 0 
259 0 0 
260 0 0 
261 0 0 
262 0 0 
263 0 0 
264 0 0 
265 0 0 
266 0 0 
267 0 0 
268 0 0 
269 0 0 
270 0 0 
271 0 0 
272 0 0 
273 0 0 
274 0 0 
275 0 0 
276 0 0 
277 0 0 
278 0 0 
279 0 0 
280 0 0 
281 0 0 
282 0 0 
283 0 0 
284 0 0 
285 0 0 
286 0 0 
287 0 0 
288 0 0 
289 0 0 
290 0 0 
291 0 0 
292 0 0 
293 0 0 
294 0 0 
295 0 0 
296 0 0 
297 0 0 
298 0 0 
299 0 0 
300 0 0 
301 0 0 
302 0 0 
303 0 0 
304 0 0 
305 0 0 
306 0 0 
307 0 0 
308 0 0 
309 0 0 
310 0 0 
311 0 0 
312 0 0 
313 0 0 
314 0 0 
315 0 0 
316 0 0 
317 0 0 
318 0 0 
319 0 0 
320 0 0 
321 0 0 
322 0 0 
323 0 0 
324 0 0 
325 0 0 
326 0 0 
327 0 0 
328 0 0 
329 0 0 
330 0 0 
331 0 0 
332 0 0 
333 0 0 
334 0 0 
335 0 0 
336 0 0 
337 0 0 
338 0 0 
339 0 0 
340 0 0 
341 0 0 
342 0 0 
343 0 0 
344 0 0 
345 0 0 
346 0 0 
347 0 0 
348 0 0 
349 0 0 
350 0 0 
351 0 0 
352 0 0 
353 0 0 
354 0 0 
355 0 0 
356 0 0 
357 0 0 
358 0 0 
359 0 0 
360 0 0 
361 0 0 
362 0 0 
363 0 0 
364 0 0 
365 0 0 
366 0 0 
367 0 0 
368 0 0 
369 0 0 
370 0 0 
371 0 0 
372 0 0 
373 0 0 
374 0 0 
375 0 0 
376 0 0 
377 0 0 
378 0 0 
379 0 0 
380 0 0 
381 0 0 
382 0 0 
383 0 0 
384 0 0 
385 0 0 
386 0 0 
387 0 0 
388 0 0 
389 0 0 
390 0 0 
391 0 0 
392 0 0 
393 0 0 
394 0 0 
395 0 0 
396 0 0 
397 0 0 
398 0 0 
399 0 0 
400 1.19983 1.19983 
401 1.19983 1.19983 
402 1.19983 1.19983 
403 1.19983 1.19983 
404 1.19983 1.19983 
405 1.19983 1.19983 
406 1.19983 1.19983 
407 1.19984 1.19984 
408 1.19984 1.19984 
409 1.19984 1.19984 
410 1.19984 1.19984 
411 1.19984 1.19984 
412 1.19984 1.19984 
413 1.19984 1.19984 
414 1.19984 1.19984 
415 1.19984 1.19984 
416 1.19984 1.19984 
417 1.19985 1.19985 
418 1.19985 1.19985 
419 1.19985 1.19985 
420 1.19985 1.19985 
421 1.19985 1.19985 
422 1.19986 1.19986 
423 1.19986 1.19986 
424 1.19986 1.19986 
425 1.19986 1.19986 
426 1.19987 1.19987 
427 1.19987 1.19987 
428 1.19987 1.19987 
429 1.19988 1.19988 
430 1.19988 1.19988 
431 1.19989 1.19989 
432 1.19989 1.19989 
433 1.1999 1.1999 
434 1.19991 1.19991 
435 1.19991 1.19991 
436 1.19992 1.19992 
437 1.19993 1.19993 
438 1.19994 1.19994 
439 1.19995 1.19995 
440 1.19996 1.19996 
441 1.19997 1.19997 
442 1.19997 1.19997 
443 1.19999 1.19999 
444 1.20006 1.20006 
445 1.20187 1.20187 
446 1.23431 1.23431 
447 1.27269 1.27269 
448 1.30799 1.30799 
449 1.33999 1.33999 
450 1.36896 1.36896 
451 1.39517 1.39517 
452 1.41892 1.41892 
453 1.44046 1.44046 
454 1.46003 1.46003 
455 1.47786 1.47786 
456 1.49414 1.49414 
457 1.50903 1.50903 
458 1.52269 1.52269 
459 1.53526 1.53526 
460 1.54685 1.54685 
461 1.55755 1.55755 
462 1.56747 1.56747 
463 1.57668 1.57668 
464 1.58525 1.58525 
465 1.59324 1.59324 
466 1.60071 1.60071 
467 1.60769 1.60769 
468 1.61425 1.61425 
469 1.6204 1.6204 
470 1.62619 1.62619 
471 1.63165 1.63165 
472 1.6368 1.6368 
473 1.64167 1.64167 
474 1.64629 1.64629 
475 1.65066 1.65066 
476 1.65481 1.65481 
477 1.65875 1.65875 
478 1.6625 1.6625 
479 1.66607 1.66607 
480 1.66948 1.66948 
481 1.67273 1.67273 
482 1.67584 1.67584 
483 1.67881 1.67881 
484 1.68165 1.68165 
485 1.68438 1.68438 
486 1.68699 1.68699 
487 1.6895 1.6895 
488 1.69191 1.69191 
489 1.69422 1.69422 
490 1.69645 1.69645 
491 1.69859 1.69859 
492 1.70066 1.70066 
493 1.70265 1.70265 
494 1.70457 1.70457 
495 1.70642 1.70642 
496 1.70821 1.70821 
497 1.70994 1.70994 
498 1.71161 1.71161 
499 1.71323 1.71323 
500 1.7148 1.7148 
501 1.71631 1.71631 
502 1.71778 1.71778 
503 1.7192 1.7192 
504 1.72058 1.72058 
505 1.72192 1.72192 
506 1.72322 1.72322 
507 1.72448 1.72448 
508 1.72571 1.72571 
509 1.7269 1.7269 
510 1.72806 1.72806 
511 1.72918 1.72918 
512 1.73028 1.73028 
513 1.73135 1.73135 
514 1.73239 1.73239 
515 1.7334 1.7334 
516 1.73438 1.73438 
517 1.73534 1.73534 
518 1.73628 1.73628 
519 1.73719 1.73719 
520 1.73808 1.73808 
521 1.73895 1.73895 
522 1.7398 1.7398 
523 1.74063 1.74063 
524 1.74144 1.74144 
525 1.74223 1.74223 
526 1.743 1.743 
527 1.74376 1.74376 
528 1.7445 1.7445 
529 1.74522 1.74522 
530 1.74592 1.74592 
531 1.74661 1.74661 
532 1.74729 1.74729 
533 1.74795 1.74795 
534 1.7486 1.7486 
535 1.74924 1.74924 
536 1.74986 1.74986 
537 1.75047 1.75047 
538 1.75106 1.75106 
539 1.75165 1.75165 
540 1.75222 1.75222 
541 1.75278 1.75278 
542 1.75333 1.75333 
543 1.75387 1.75387 
544 1.75441 1.75441 
545 1.75493 1.75493 
546 1.75544 1.75544 
547 1.75594 1.75594 
548 1.75643 1.75643 
549 1.75691 1.75691 
550 1.75739 1.75739 
551 1.75785 1.75785 
552 1.75831 1.75831 
553 1.75876 1.75876 
554 1.7592 1.7592 
555 1.75964 1.75964 
556 1.76007 1.76007 
557 1.76049 1.76049 
558 1.7609 1.7609 
559 1.76131 1.76131 
560 1.7617 1.7617 
561 1.7621 1.7621 
562 1.76248 1.76248 
563 1.76286 1.76286 
564 1.76324 1.76324 
565 1.76361 1.76361 
566 1.76397 1.76397 
567 1.76433 1.76433 
568 1.76468 1.76468 
569 1.76502 1.76502 
570 1.76536 1.76536 
571 1.7657 1.7657 
572 1.76603 1.76603 
573 1.76635 1.76635 
574 1.76668 1.76668 
575 1.76699 1.76699 
576 1.7673 1.7673 
577 1.76761 1.76761 
578 1.76791 1.76791 
579 1.76821 1.76821 
580 1.7685 1.7685 
581 1.76879 1.76879 
582 1.76908 1.76908 
583 1.76936 1.76936 
584 1.76964 1.76964 
585 1.76991 1.76991 
586 1.77018 1.77018 
587 1.77045 1.77045 
588 1.77071 1.77071 
589 1.77097 1.77097 
590 1.77123 1.77123 
591 1.77148 1.77148 
592 1.77173 1.77173 
593 1.77198 1.77198 
594 1.77222 1.77222 
595 1.77246 1.77246 
596 1.7727 1.7727 
597 1.77293 1.77293 
598 1.77316 1.77316 
599 1.77338 1.77338 
600 1.77338 1.77338 
601 1.77316 1.77316 
602 1.77293 1.77293 
603 1.7727 1.7727 
604 1.77246 1.77246 
605 1.77222 1.77222 
606 1.77198 1.77198 
607 1.77173 1.77173 
608 1.77148 1.77148 
609 1.77123 1.77123 
610 1.77097 1.77097 
611 1.77071 1.77071 
612 1.77045 1.77045 
613 1.77018 1.77018 
614 1.76991 1.76991 
615 1.76964 1.76964 
616 1.76936 1.76936 
617 1.76908 1.76908 
618 1.76879 1.76879 
619 1.7685 1.7685 
620 1.76821 1.76821 
621 1.76791 1.76791 
622 1.76761 1.76761 
623 1.7673 1.7673 
624 1.76699 1.76699 
625 1.76667 1.76667 
626 1.76635 1.76635 
627 1.76603 1.76603 
628 1.76569 1.76569 
629 1.76536 1.76536 
630 1.76502 1.76502 
631 1.76467 1.76467 
632 1.76432 1.76432 
633 1.76396 1.76396 
634 1.7636 1.7636 
635 1.76323 1.76323 
636 1.76286 1.76286 
637 1.76248 1.76248 
638 1.76209 1.76209 
639 1.7617 1.7617 
640 1.7613 1.7613 
641 1.76089 1.76089 
642 1.76048 1.76048 
643 1.76006 1.76006 
644 1.75963 1.75963 
645 1.7592 1.7592 
646 1.75876 1.75876 
647 1.75831 1.75831 
648 1.75785 1.75785 
649 1.75738 1.75738 
650 1.75691 1.75691 
651 1.75642 1.75642 
652 1.75593 1.75593 
653 1.75543 1.75543 
654 1.75492 1.75492 
655 1.7544 1.7544 
656 1.75387 1.75387 
657 1.75333 1.75333 
658 1.75278 1.75278 
659 1.75221 1.75221 
660 1.75164 1.75164 
661 1.75106 1.75106 
662 1.75046 1.75046 
663 1.74985 1.74985 
664 1.74923 1.74923 
665 1.74859 1.74859 
666 1.74794 1.74794 
667 1.74728 1.74728 
668 1.74661 1.74661 
669 1.74592 1.74592 
670 1.74521 1.74521 
671 1.74449 1.74449 
672 1.74375 1.74375 
673 1.74299 1.74299 
674 1.74222 1.74222 
675 1.74143 1.74143 
676 1.74062 1.74062 
677 1.73979 1.73979 
678 1.73894 1.73894 
679 1.73807 1.73807 
680 1.73718 1.73718 
681 1.73627 1.73627 
682 1.73533 1.73533 
683 1.73437 1.73437 
684 1.73339 1.73339 
685 1.73237 1.73237 
686 1.73133 1.73133 
687 1.73027 1.73027 
688 1.72917 1.72917 
689 1.72804 1.72804 
690 1.72689 1.72689 
691 1.72569 1.72569 
692 1.72447 1.72447 
693 1.72321 1.72321 
694 1.72191 1.72191 
695 1.72057 1.72057 
696 1.71919 1.71919 
697 1.71776 1.71776 
698 1.71629 1.71629 
699 1.71478 1.71478 
700 1.71321 1.71321 
701 1.71159 1.71159 
702 1.70992 1.70992 
703 1.70819 1.70819 
704 1.7064 1.7064 
705 1.70455 1.70455 
706 1.70263 1.70263 
707 1.70064 1.70064 
708 1.69857 1.69857 
709 1.69643 1.69643 
710 1.6942 1.6942 
711 1.69188 1.69188 
712 1.68947 1.68947 
713 1.68696 1.68696 
714 1.68435 1.68435 
715 1.68162 1.68162 
716 1.67878 1.67878 
717 1.67581 1.67581 
718 1.6727 1.6727 
719 1.66944 1.66944 
720 1.66604 1.66604 
721 1.66246 1.66246 
722 1.65871 1.65871 
723 1.65477 1.65477 
724 1.65062 1.65062 
725 1.64624 1.64624 
726 1.64163 1.64163 
727 1.63676 1.63676 
728 1.6316 1.6316 
729 1.62614 1.62614 
730 1.62035 1.62035 
731 1.61419 1.61419 
732 1.60763 1.60763 
733 1.60064 1.60064 
734 1.59318 1.59318 
735 1.58518 1.58518 
736 1.57661 1.57661 
737 1.5674 1.5674 
738 1.55747 1.55747 
739 1.54676 1.54676 
740 1.53517 1.53517 
741 1.52259 1.52259 
742 1.50892 1.50892 
743 1.49401 1.49401 
744 1.47773 1.47773 
745 1.45989 1.45989 
746 1.4403 1.4403 
747 1.41874 1.41874 
748 1.39498 1.39498 
749 1.36874 1.36874 
750 1.33975 1.33975 
751 1.30773 1.30773 
752 1.27238 1.27238 
753 1.2335 1.2335 
754 1.19091 1.19091 
755 1.14459 1.14459 
756 1.09471 1.09471 
757 1.04165 1.04165 
758 0.986069 0.986069 
759 0.928851 0.928851 
760 0.871061 0.871061 
761 0.813834 0.813834 
762 0.758245 0.758245 
763 0.705189 0.705189 
764 0.655317 0.655317 
765 0.609017 0.609017 
766 0.566446 0.566446 
767 0.527579 0.527579 
768 0.492257 0.492257 
769 0.460248 0.460248 
770 0.431275 0.431275 
771 0.405054 0.405054 
772 0.381303 0.381303 
773 0.359759 0.359759 
774 0.34018 0.34018 
775 0.322348 0.322348 
776 0.306069 0.306069 
777 0.291172 0.291172 
778 0.277505 0.277505 
779 0.264935 0.264935 
780 0.253346 0.253346 
781 0.242636 0.242636 
782 0.232714 0.232714 
783 0.223503 0.223503 
784 0.214932 0.214932 
785 0.206942 0.206942 
786 0.199476 0.199476 
787 0.192488 0.192488 
788 0.185935 0.185935 
789 0.179779 0.179779 
790 0.173986 0.173986 
791 0.168527 0.168527 
792 0.163374 0.163374 
793 0.158502 0.158502 
794 0.153891 0.153891 
795 0.149519 0.149519 
796 0.145371 0.145371 
797 0.141428 0.141428 
798 0.137677 0.137677 
799 0.134101 0.134101 
800 0 0 
801 0 0 
802 0 0 
803 0 0 
804 0 0 
805 0 0 
806 0 0 
807 0 0 
808 0 0 
809 0 0 
810 0 0 
811 0 0 
812 0 0 
813 0 0 
814 0 0 
815 0 0 
816 0 0 
817 0 0 
818 0 0 
819 0 0 
820 0 0 
821 0 0 
822 0 0 
823 0 0 
824 0 0 
825 0 0 
826 0 0 
827 0 0 
828 0 0 
829 0 0 
830 0 0 
831 0 0 
832 0 0 
833 0 0 
834 0 0 
835 0 0 
836 0 0 
837 0 0 
838 0 0 
839 0 0 
840 0 0 
841 0 0 
842 0 0 
843 0 0 
844 0 0 
845 0 0 
846 0 0 
847 0 0 
848 0 0 
849 0 0 
850 0 0 
851 0 0 
852 0 0 
853 0 0 
854 0 0 
855 0 0 
856 0 0 
857 0 0 
858 0 0 
859 0 0 
860 0 0 
861 0 0 
862 0 0 
863 0 0 
864 0 0 
865 0 0 
866 0 0 
867 0 0 
868 0 0 
869 0 0 
870 0 0 
871 0 0 
872 0 0 
873 0 0 
874 0 0 
875 0 0 
876 0 0 
877 0 0 
878 0 0 
879 0 0 
880 0 0 
881 0 0 
882 0 0 
883 0 0 
884 0 0 
885 0 0 
886 0 0 
887 0 0 
888 0 0 
889 0 0 
890 0 0 
891 0 0 
892 0 0 
893 0 0 
894 0 0 
895 0 0 
896 0 0 
897 0 0 
898 0 0 
899 0 0 
900 0 0 
901 0 0 
902 0 0 
903 0 0 
904 0 0 
905 0 0 
906 0 0 
907 0 0 
908 0 0 
909 0 0 
910 0 0 
911 0 0 
912 0 0 
913 0 0 
914 0 0 
915 0 0 
916 0 0 
917 0 0 
918 0 0 
919 0 0 
920 0 0 
921 0 0 
922 0 0 
923 0 0 
924 0 0 
925 0 0 
926 0 0 
927 0 0 
928 0 0 
929 0 0 
930 0 0 
931 0 0 
932 0 0 
933 0 0 
934 0 0 
935 0 0 
936 0 0 
937 0 0 
938 0 0 
939 0 0 
940 0 0 
941 0 0 
942 0 0 
943 0 0 
944 0 0 
945 0 0 
946 0 0 
947 0 0 
948 0 0 
949 0 0 
950 0 0 
951 0 0 
952 0 0 
953 0 0 
954 0 0 
955 0 0 
956 0 0 
957 0 0 
958 0 0 
959 0 0 
960 0 0 
961 0 0 
962 0 0 
963 0 0 
964 0 0 
965 0 0 
966 0 0 
967 0 0 
968 0 0 
969 0 0 
970 0 0 
971 0 0 
972 0 0 
973 0 0 
974 0 0 
975 0 0 
976 0 0 
977 0 0 
978 0 0 
979 0 0 
980 0 0 
981 0 0 
982 0 0 
983 0 0 
984 0 0 
985 0 0 
986 0 0 
987 0 0 
988 0 0 
989 0 0 
990 0 0 
991 0 0 
992 0 0 
993 0 0 
994 0 0 
995 0 0 
996 0 0 
997 0 0 
998 0 0 
999 0 0 
1000 0 0 
1001 0 0 
1002 0 0 
1003 0 0 
1004 0 0 
1005 0 0 
1006 0 0 
1007 0 0 
1008 0 0 
1009 0 0 
1010 0 0 
1011 0 0 
1012 0 0 
1013 0 0 
1014 0 0 
1015 0 0 
1016 0 0 
1017 0 0 
1018 0 0 
1019 0 0 
1020 0 0 
1021 0 0 
1022 0 0 
1023 0 0 
1024 0 0 
1025 0 0 
1026 0 0 
1027 0 0 
1028 0 0 
1029 0 0 
1030 0 0 
1031 0 0 
1032 0 0 
1033 0 0 
1034 0 0 
1035 0 0 
1036 0 0 
1037 0 0 
1038 0 0 
1039 0 0 
1040 0 0 
1041 0 0 
1042 0 0 
1043 0 0 
1044 0 0 
1045 0 0 
1046 0 0 
1047 0 0 
1048 0 0 
1049 0 0 
1050 0 0 
1051 0 0 
1052 0 0 
1053 0 0 
1054 0 0 
1055 0 0 
1056 0 0 
1057 0 0 
1058 0 0 
1059 0 0 
1060 0 0 
1061 0 0 
1062 0 0 
1063 0 0 
1064 0 0 
1065 0 0 
1066 0 0 
1067 0 0 
1068 0 0 
1069 0 0 
1070 0 0 
1071 0 0 
1072 0 0 
1073 0 0 
1074 0 0 
1075 0 0 
1076 0 0 
1077 0 0 
1078 0 0 
1079 0 0 
1080 0 0 
1081 0 0 
1082 0 0 
1083 0 0 
1084 0 0 
1085 0 0 
1086 0 0 
1087 0 0 
1088 0 0 
1089 0 0 
1090 0 0 
1091 0 0 
1092 0 0 
1093 0 0 
1094 0 0 
1095 0 0 
1096 0 0 
1097 0 0 
1098 0 0 
1099 0 0 
1100 0 0 
1101 0 0 
1102 0 0 
1103 0 0 
1104 0 0 
1105 0 0 
1106 0 0 
1107 0 0 
1108 0 0 
1109 0 0 
1110 0 0 
1111 0 0 
1112 0 0 
1113 0 0 
1114 0 0 
1115 0 0 
1116 0 0 
1117 0 0 
1118 0 0 
1119 0 0 
1120 0 0 
1121 0 0 
1122 0 0 
1123 0 0 
1124 0 0 
1125 0 0 
1126 0 0 
1127 0 0 
1128 0 0 
1129 0 0 
1130 0 0 
1131 0 0 
1132 0 0 
1133 0 0 
1134 0 0 
1135 0 0 
1136 0 0 
1137 0 0 
1138 0 0 
1139 0 0 
1140 0 0 
1141 0 0 
1142 0 0 
1143 0 0 
1144 0 0 
1145 0 0 
1146 0 0 
1147 0 0 
1148 0 0 
1149 0 0 
1150 0 0 
1151 0 0 
1152 0 0 
1153 0 0 
1154 0 0 
1155 0 0 
1156 0 0 
1157 0 0 
1158 0 0 
1159 0 0 
1160 0 0 
1161 0 0 
1162 0 0 
1163 0 0 
1164 0 0 
1165 0 0 
1166 0 0 
1167 0 0 
1168 0 0 
1169 0 0 
1170 0 0 
1171 0 0 
1172 0 0 
1173 0 0 
1174 0 0 
1175 0 0 
1176 0 0 
1177 0 0 
1178 0 0 
1179 0 0 
1180 0 0 
1181 0 0 
1182 0 0 
1183 0 0 
1184 0 0 
1185 0 0 
1186 0 0 
1187 0 0 
1188 0 0 
1189 0 0 
1190 0 0 
1191 0 0 
1192 0 0 
1193 0 0 
1194 0 0 
1195 0 0 
1196 0 0 
1197 0 0 
1198 0 0 
1199 0 0 
