1050 0 1.2 
1051 0 1.2 
1052 0 1.2 
1053 0 1.2 
1054 0 1.2 
1055 0 1.2 
1056 0 1.2 
1057 0 1.2 
1058 0 1.2 
1059 0 1.2 
1060 0 1.2 
1061 0 1.2 
1062 0 1.2 
1063 0 1.2 
1064 0 1.2 
1065 0 1.2 
1066 0 1.2 
1067 0 1.2 
1068 0 1.2 
1069 0 1.2 
1070 0 1.2 
1071 0 1.2 
1072 0 1.2 
1073 0 1.2 
1074 0 1.2 
1075 0 1.2 
1076 0 1.2 
1077 0 1.2 
1078 0 1.2 
1079 0 1.2 
1080 0 1.2 
1081 0 1.2 
1082 0 1.2 
1083 0 1.2 
1084 0 1.2 
1085 0 1.2 
1086 0 1.2 
1087 0 1.2 
1088 0 1.2 
1089 0 1.2 
1090 0 1.2 
1091 0 1.2 
1092 0 1.2 
1093 0 1.2 
1094 0 1.2 
1095 0 1.2 
1096 0 1.2 
1097 0 1.2 
1098 0 1.2 
1099 0 1.2 
1100 0 1.2 
1101 0 1.2 
1102 0 1.2 
1103 0 1.2 
1104 0 1.2 
1105 0 1.2 
1106 0 1.2 
1107 0 1.2 
1108 0 1.2 
1109 0 1.2 
1110 0 1.2 
1111 0 1.2 
1112 0 1.2 
1113 0 1.2 
1114 0 1.2 
1115 0 1.2 
1116 0 1.2 
1117 0 1.2 
1118 0 1.2 
1119 0 1.2 
1120 0 1.2 
1121 0 1.2 
1122 0 1.2 
1123 0 1.2 
1124 0 1.2 
1125 0 1.2 
1126 0 1.2 
1127 0 1.2 
1128 0 1.2 
1129 0 1.2 
1130 0 1.2 
1131 0 1.2 
1132 0 1.2 
1133 0 1.2 
1134 0 1.2 
1135 0 1.2 
1136 0 1.2 
1137 0 1.2 
1138 0 1.2 
1139 0 1.2 
1140 0 1.2 
1141 0 1.2 
1142 0 1.2 
1143 0 1.2 
1144 0 1.2 
1145 0 1.2 
1146 0 1.2 
1147 0 1.2 
1148 0 1.2 
1149 0 1.2 
1150 0 1.2 
1151 0 1.2 
1152 0 1.2 
1153 0 1.2 
1154 0 1.2 
1155 0 1.2 
1156 0 1.2 
1157 0 1.2 
1158 0 1.2 
1159 0 1.2 
1160 0 1.2 
1161 0 1.2 
1162 0 1.2 
1163 0 1.2 
1164 0 1.2 
1165 0 1.2 
1166 0 1.2 
1167 0 1.2 
1168 0 1.2 
1169 0 1.2 
1170 0 1.2 
1171 0 1.2 
1172 0 1.2 
1173 0 1.2 
1174 0 1.2 
1175 0 1.2 
1176 0 1.2 
1177 0 1.2 
1178 0 1.2 
1179 0 1.2 
1180 0 1.2 
1181 0 1.2 
1182 0 1.2 
1183 0 1.2 
1184 0 1.2 
1185 0 1.2 
1186 0 1.2 
1187 0 1.2 
1188 0 1.2 
1189 0 1.2 
1190 0 1.2 
1191 0 1.2 
1192 0 1.2 
1193 0 1.2 
1194 0 1.2 
1195 0 1.2 
1196 0 1.2 
1197 0 1.2 
1198 0 1.2 
1199 0 1.2 
