600 1.77338 1.77339 
601 1.77316 1.77316 
602 1.77293 1.77293 
603 1.7727 1.7727 
604 1.77246 1.77246 
605 1.77222 1.77222 
606 1.77198 1.77198 
607 1.77173 1.77173 
608 1.77148 1.77148 
609 1.77123 1.77123 
610 1.77097 1.77097 
611 1.77071 1.77071 
612 1.77045 1.77045 
613 1.77018 1.77018 
614 1.76991 1.76991 
615 1.76964 1.76964 
616 1.76936 1.76936 
617 1.76908 1.76908 
618 1.76879 1.76879 
619 1.7685 1.7685 
620 1.76821 1.76821 
621 1.76791 1.76791 
622 1.76761 1.76761 
623 1.7673 1.7673 
624 1.76699 1.76699 
625 1.76668 1.76667 
626 1.76635 1.76635 
627 1.76603 1.76603 
628 1.7657 1.7657 
629 1.76536 1.76536 
630 1.76502 1.76502 
631 1.76468 1.76468 
632 1.76433 1.76432 
633 1.76397 1.76397 
634 1.76361 1.7636 
635 1.76324 1.76324 
636 1.76286 1.76286 
637 1.76248 1.76248 
638 1.7621 1.7621 
639 1.7617 1.7617 
640 1.76131 1.7613 
641 1.7609 1.7609 
642 1.76049 1.76048 
643 1.76007 1.76006 
644 1.75964 1.75964 
645 1.7592 1.7592 
646 1.75876 1.75876 
647 1.75831 1.75831 
648 1.75785 1.75785 
649 1.75739 1.75739 
650 1.75691 1.75691 
651 1.75643 1.75643 
652 1.75594 1.75594 
653 1.75544 1.75543 
654 1.75493 1.75492 
655 1.75441 1.7544 
656 1.75387 1.75387 
657 1.75333 1.75333 
658 1.75278 1.75278 
659 1.75222 1.75222 
660 1.75165 1.75164 
661 1.75106 1.75106 
662 1.75047 1.75046 
663 1.74986 1.74985 
664 1.74924 1.74923 
665 1.7486 1.7486 
666 1.74795 1.74795 
667 1.74729 1.74729 
668 1.74661 1.74661 
669 1.74592 1.74592 
670 1.74522 1.74521 
671 1.7445 1.74449 
672 1.74376 1.74375 
673 1.743 1.743 
674 1.74223 1.74223 
675 1.74144 1.74144 
676 1.74063 1.74063 
677 1.7398 1.7398 
678 1.73895 1.73895 
679 1.73808 1.73808 
680 1.73719 1.73719 
681 1.73628 1.73628 
682 1.73534 1.73534 
683 1.73438 1.73438 
684 1.7334 1.73339 
685 1.73239 1.73238 
686 1.73135 1.73134 
687 1.73028 1.73028 
688 1.72918 1.72918 
689 1.72806 1.72805 
690 1.7269 1.72689 
691 1.72571 1.7257 
692 1.72448 1.72448 
693 1.72322 1.72322 
694 1.72192 1.72192 
695 1.72058 1.72058 
696 1.7192 1.7192 
697 1.71778 1.71777 
698 1.71631 1.7163 
699 1.7148 1.71479 
700 1.71323 1.71322 
701 1.71161 1.71161 
702 1.70994 1.70993 
703 1.70821 1.70821 
704 1.70642 1.70642 
705 1.70457 1.70456 
706 1.70265 1.70264 
707 1.70066 1.70065 
708 1.69859 1.69859 
709 1.69645 1.69644 
710 1.69422 1.69421 
711 1.69191 1.6919 
712 1.6895 1.68949 
713 1.68699 1.68698 
714 1.68438 1.68437 
715 1.68165 1.68164 
716 1.67881 1.6788 
717 1.67584 1.67583 
718 1.67273 1.67272 
719 1.66948 1.66947 
720 1.66607 1.66606 
721 1.6625 1.66249 
722 1.65875 1.65874 
723 1.65481 1.65479 
724 1.65066 1.65064 
725 1.64629 1.64627 
726 1.64167 1.64166 
727 1.6368 1.63679 
728 1.63165 1.63164 
729 1.62619 1.62618 
730 1.6204 1.62038 
731 1.61425 1.61423 
732 1.60769 1.60768 
733 1.60071 1.60069 
734 1.59324 1.59322 
735 1.58525 1.58524 
736 1.57668 1.57667 
737 1.56747 1.56746 
738 1.55755 1.55754 
739 1.54685 1.54683 
740 1.53526 1.53524 
741 1.52269 1.52268 
742 1.50903 1.50901 
743 1.49414 1.49412 
744 1.47786 1.47785 
745 1.46003 1.46002 
746 1.44046 1.44045 
747 1.41892 1.41891 
748 1.39517 1.39516 
749 1.36896 1.36895 
750 1.33999 1.33998 
751 1.30799 1.30797 
752 1.27269 1.27265 
753 1.23431 1.23378 
754 1.20187 1.2 
755 1.20006 1.2 
756 1.19999 1.2 
757 1.19997 1.2 
758 1.19997 1.2 
759 1.19996 1.2 
760 1.19995 1.2 
761 1.19994 1.2 
762 1.19993 1.2 
763 1.19992 1.2 
764 1.19991 1.2 
765 1.19991 1.2 
766 1.1999 1.2 
767 1.19989 1.2 
768 1.19989 1.2 
769 1.19988 1.2 
770 1.19988 1.2 
771 1.19987 1.2 
772 1.19987 1.2 
773 1.19987 1.2 
774 1.19986 1.2 
775 1.19986 1.2 
776 1.19986 1.2 
777 1.19986 1.2 
778 1.19985 1.2 
779 1.19985 1.2 
780 1.19985 1.2 
781 1.19985 1.2 
782 1.19985 1.2 
783 1.19984 1.2 
784 1.19984 1.2 
785 1.19984 1.2 
786 1.19984 1.2 
787 1.19984 1.2 
788 1.19984 1.2 
789 1.19984 1.2 
790 1.19984 1.2 
791 1.19984 1.2 
792 1.19984 1.2 
793 1.19983 1.2 
794 1.19983 1.2 
795 1.19983 1.2 
796 1.19983 1.2 
797 1.19983 1.2 
798 1.19983 1.2 
799 1.19983 1.2 
800 0 1.2 
801 0 1.2 
802 0 1.2 
803 0 1.2 
804 0 1.2 
805 0 1.2 
806 0 1.2 
807 0 1.2 
808 0 1.2 
809 0 1.2 
810 0 1.2 
811 0 1.2 
812 0 1.2 
813 0 1.2 
814 0 1.2 
815 0 1.2 
816 0 1.2 
817 0 1.2 
818 0 1.2 
819 0 1.2 
820 0 1.2 
821 0 1.2 
822 0 1.2 
823 0 1.2 
824 0 1.2 
825 0 1.2 
826 0 1.2 
827 0 1.2 
828 0 1.2 
829 0 1.2 
830 0 1.2 
831 0 1.2 
832 0 1.2 
833 0 1.2 
834 0 1.2 
835 0 1.2 
836 0 1.2 
837 0 1.2 
838 0 1.2 
839 0 1.2 
840 0 1.2 
841 0 1.2 
842 0 1.2 
843 0 1.2 
844 0 1.2 
845 0 1.2 
846 0 1.2 
847 0 1.2 
848 0 1.2 
849 0 1.2 
850 0 1.2 
851 0 1.2 
852 0 1.2 
853 0 1.2 
854 0 1.2 
855 0 1.2 
856 0 1.2 
857 0 1.2 
858 0 1.2 
859 0 1.2 
860 0 1.2 
861 0 1.2 
862 0 1.2 
863 0 1.2 
864 0 1.2 
865 0 1.2 
866 0 1.2 
867 0 1.2 
868 0 1.2 
869 0 1.2 
870 0 1.2 
871 0 1.2 
872 0 1.2 
873 0 1.2 
874 0 1.2 
875 0 1.2 
876 0 1.2 
877 0 1.2 
878 0 1.2 
879 0 1.2 
880 0 1.2 
881 0 1.2 
882 0 1.2 
883 0 1.2 
884 0 1.2 
885 0 1.2 
886 0 1.2 
887 0 1.2 
888 0 1.2 
889 0 1.2 
890 0 1.2 
891 0 1.2 
892 0 1.2 
893 0 1.2 
894 0 1.2 
895 0 1.2 
896 0 1.2 
897 0 1.2 
898 0 1.2 
899 0 1.2 
900 0 1.2 
901 0 1.2 
902 0 1.2 
903 0 1.2 
904 0 1.2 
905 0 1.2 
906 0 1.2 
907 0 1.2 
908 0 1.2 
909 0 1.2 
910 0 1.2 
911 0 1.2 
912 0 1.2 
913 0 1.2 
914 0 1.2 
915 0 1.2 
916 0 1.2 
917 0 1.2 
918 0 1.2 
919 0 1.2 
920 0 1.2 
921 0 1.2 
922 0 1.2 
923 0 1.2 
924 0 1.2 
925 0 1.2 
926 0 1.2 
927 0 1.2 
928 0 1.2 
929 0 1.2 
930 0 1.2 
931 0 1.2 
932 0 1.2 
933 0 1.2 
934 0 1.2 
935 0 1.2 
936 0 1.2 
937 0 1.2 
938 0 1.2 
939 0 1.2 
940 0 1.2 
941 0 1.2 
942 0 1.2 
943 0 1.2 
944 0 1.2 
945 0 1.2 
946 0 1.2 
947 0 1.2 
948 0 1.2 
949 0 1.2 
950 0 1.2 
951 0 1.2 
952 0 1.2 
953 0 1.2 
954 0 1.2 
955 0 1.2 
956 0 1.2 
957 0 1.2 
958 0 1.2 
959 0 1.2 
960 0 1.2 
961 0 1.2 
962 0 1.2 
963 0 1.2 
964 0 1.2 
965 0 1.2 
966 0 1.2 
967 0 1.2 
968 0 1.2 
969 0 1.2 
970 0 1.2 
971 0 1.2 
972 0 1.2 
973 0 1.2 
974 0 1.2 
975 0 1.2 
976 0 1.2 
977 0 1.2 
978 0 1.2 
979 0 1.2 
980 0 1.2 
981 0 1.2 
982 0 1.2 
983 0 1.2 
984 0 1.2 
985 0 1.2 
986 0 1.2 
987 0 1.2 
988 0 1.2 
989 0 1.2 
990 0 1.2 
991 0 1.2 
992 0 1.2 
993 0 1.2 
994 0 1.2 
995 0 1.2 
996 0 1.2 
997 0 1.2 
998 0 1.2 
999 0 1.2 
1000 0 1.2 
1001 0 1.2 
1002 0 1.2 
1003 0 1.2 
1004 0 1.2 
1005 0 1.2 
1006 0 1.2 
1007 0 1.2 
1008 0 1.2 
1009 0 1.2 
1010 0 1.2 
1011 0 1.2 
1012 0 1.2 
1013 0 1.2 
1014 0 1.2 
1015 0 1.2 
1016 0 1.2 
1017 0 1.2 
1018 0 1.2 
1019 0 1.2 
1020 0 1.2 
1021 0 1.2 
1022 0 1.2 
1023 0 1.2 
1024 0 1.2 
1025 0 1.2 
1026 0 1.2 
1027 0 1.2 
1028 0 1.2 
1029 0 1.2 
1030 0 1.2 
1031 0 1.2 
1032 0 1.2 
1033 0 1.2 
1034 0 1.2 
1035 0 1.2 
1036 0 1.2 
1037 0 1.2 
1038 0 1.2 
1039 0 1.2 
1040 0 1.2 
1041 0 1.2 
1042 0 1.2 
1043 0 1.2 
1044 0 1.2 
1045 0 1.2 
1046 0 1.2 
1047 0 1.2 
1048 0 1.2 
1049 0 1.2 
1050 0 1.2 
1051 0 1.2 
1052 0 1.2 
1053 0 1.2 
1054 0 1.2 
1055 0 1.2 
1056 0 1.2 
1057 0 1.2 
1058 0 1.2 
1059 0 1.2 
1060 0 1.2 
1061 0 1.2 
1062 0 1.2 
1063 0 1.2 
1064 0 1.2 
1065 0 1.2 
1066 0 1.2 
1067 0 1.2 
1068 0 1.2 
1069 0 1.2 
1070 0 1.2 
1071 0 1.2 
1072 0 1.2 
1073 0 1.2 
1074 0 1.2 
1075 0 1.2 
1076 0 1.2 
1077 0 1.2 
1078 0 1.2 
1079 0 1.2 
1080 0 1.2 
1081 0 1.2 
1082 0 1.2 
1083 0 1.2 
1084 0 1.2 
1085 0 1.2 
1086 0 1.2 
1087 0 1.2 
1088 0 1.2 
1089 0 1.2 
1090 0 1.2 
1091 0 1.2 
1092 0 1.2 
1093 0 1.2 
1094 0 1.2 
1095 0 1.2 
1096 0 1.2 
1097 0 1.2 
1098 0 1.2 
1099 0 1.2 
1100 0 1.2 
1101 0 1.2 
1102 0 1.2 
1103 0 1.2 
1104 0 1.2 
1105 0 1.2 
1106 0 1.2 
1107 0 1.2 
1108 0 1.2 
1109 0 1.2 
1110 0 1.2 
1111 0 1.2 
1112 0 1.2 
1113 0 1.2 
1114 0 1.2 
1115 0 1.2 
1116 0 1.2 
1117 0 1.2 
1118 0 1.2 
1119 0 1.2 
1120 0 1.2 
1121 0 1.2 
1122 0 1.2 
1123 0 1.2 
1124 0 1.2 
1125 0 1.2 
1126 0 1.2 
1127 0 1.2 
1128 0 1.2 
1129 0 1.2 
1130 0 1.2 
1131 0 1.2 
1132 0 1.2 
1133 0 1.2 
1134 0 1.2 
1135 0 1.2 
1136 0 1.2 
1137 0 1.2 
1138 0 1.2 
1139 0 1.2 
1140 0 1.2 
1141 0 1.2 
1142 0 1.2 
1143 0 1.2 
1144 0 1.2 
1145 0 1.2 
1146 0 1.2 
1147 0 1.2 
1148 0 1.2 
1149 0 1.2 
1150 0 1.2 
1151 0 1.2 
1152 0 1.2 
1153 0 1.2 
1154 0 1.2 
1155 0 1.2 
1156 0 1.2 
1157 0 1.2 
1158 0 1.2 
1159 0 1.2 
1160 0 1.2 
1161 0 1.2 
1162 0 1.2 
1163 0 1.2 
1164 0 1.2 
1165 0 1.2 
1166 0 1.2 
1167 0 1.2 
1168 0 1.2 
1169 0 1.2 
1170 0 1.2 
1171 0 1.2 
1172 0 1.2 
1173 0 1.2 
1174 0 1.2 
1175 0 1.2 
1176 0 1.2 
1177 0 1.2 
1178 0 1.2 
1179 0 1.2 
1180 0 1.2 
1181 0 1.2 
1182 0 1.2 
1183 0 1.2 
1184 0 1.2 
1185 0 1.2 
1186 0 1.2 
1187 0 1.2 
1188 0 1.2 
1189 0 1.2 
1190 0 1.2 
1191 0 1.2 
1192 0 1.2 
1193 0 1.2 
1194 0 1.2 
1195 0 1.2 
1196 0 1.2 
1197 0 1.2 
1198 0 1.2 
1199 0 1.2 
