900 0 1.2 
901 0 1.2 
902 0 1.2 
903 0 1.2 
904 0 1.2 
905 0 1.2 
906 0 1.2 
907 0 1.2 
908 0 1.2 
909 0 1.2 
910 0 1.2 
911 0 1.2 
912 0 1.2 
913 0 1.2 
914 0 1.2 
915 0 1.2 
916 0 1.2 
917 0 1.2 
918 0 1.2 
919 0 1.2 
920 0 1.2 
921 0 1.2 
922 0 1.2 
923 0 1.2 
924 0 1.2 
925 0 1.2 
926 0 1.2 
927 0 1.2 
928 0 1.2 
929 0 1.2 
930 0 1.2 
931 0 1.2 
932 0 1.2 
933 0 1.2 
934 0 1.2 
935 0 1.2 
936 0 1.2 
937 0 1.2 
938 0 1.2 
939 0 1.2 
940 0 1.2 
941 0 1.2 
942 0 1.2 
943 0 1.2 
944 0 1.2 
945 0 1.2 
946 0 1.2 
947 0 1.2 
948 0 1.2 
949 0 1.2 
950 0 1.2 
951 0 1.2 
952 0 1.2 
953 0 1.2 
954 0 1.2 
955 0 1.2 
956 0 1.2 
957 0 1.2 
958 0 1.2 
959 0 1.2 
960 0 1.2 
961 0 1.2 
962 0 1.2 
963 0 1.2 
964 0 1.2 
965 0 1.2 
966 0 1.2 
967 0 1.2 
968 0 1.2 
969 0 1.2 
970 0 1.2 
971 0 1.2 
972 0 1.2 
973 0 1.2 
974 0 1.2 
975 0 1.2 
976 0 1.2 
977 0 1.2 
978 0 1.2 
979 0 1.2 
980 0 1.2 
981 0 1.2 
982 0 1.2 
983 0 1.2 
984 0 1.2 
985 0 1.2 
986 0 1.2 
987 0 1.2 
988 0 1.2 
989 0 1.2 
990 0 1.2 
991 0 1.2 
992 0 1.2 
993 0 1.2 
994 0 1.2 
995 0 1.2 
996 0 1.2 
997 0 1.2 
998 0 1.2 
999 0 1.2 
1000 0 1.2 
1001 0 1.2 
1002 0 1.2 
1003 0 1.2 
1004 0 1.2 
1005 0 1.2 
1006 0 1.2 
1007 0 1.2 
1008 0 1.2 
1009 0 1.2 
1010 0 1.2 
1011 0 1.2 
1012 0 1.2 
1013 0 1.2 
1014 0 1.2 
1015 0 1.2 
1016 0 1.2 
1017 0 1.2 
1018 0 1.2 
1019 0 1.2 
1020 0 1.2 
1021 0 1.2 
1022 0 1.2 
1023 0 1.2 
1024 0 1.2 
1025 0 1.2 
1026 0 1.2 
1027 0 1.2 
1028 0 1.2 
1029 0 1.2 
1030 0 1.2 
1031 0 1.2 
1032 0 1.2 
1033 0 1.2 
1034 0 1.2 
1035 0 1.2 
1036 0 1.2 
1037 0 1.2 
1038 0 1.2 
1039 0 1.2 
1040 0 1.2 
1041 0 1.2 
1042 0 1.2 
1043 0 1.2 
1044 0 1.2 
1045 0 1.2 
1046 0 1.2 
1047 0 1.2 
1048 0 1.2 
1049 0 1.2 
